Query: 1
Nearest neighbour-1: 5232
distanceLSH: 327.176
distanceTrue: 276.782
tLSH: 14.825
tTrue: 81.3615
10000-near neighbours:
5232
1813
9564
504
980
847
1787
1312
3949
6571
1628
3812
3103
3124
4517
2421
9251
7776
347
9073
9501
4523
885
7584
4030
4800
3464
7559
4346
5412
9880
9717
6610
7765
890
324
3545
6453
6528
5673
3580
5827
7972
3404
15
960
4906
8073
6021
3408
6596
4660
5183
8723
1472
6501
3661
1569
5820
1290
6007
6907
971
4622
5233
8795
5634
Query: 2
Nearest neighbour-1: 1117
distanceLSH: 299.334
distanceTrue: 256.852
tLSH: 14.825
tTrue: 81.3615
10000-near neighbours:
1117
4270
1983
1460
618
262
2686
941
2150
569
480
2974
2416
9645
7991
3917
7064
6419
788
3284
743
9030
3852
4956
136
3746
3428
1163
2574
9662
2841
7824
7777
5552
5094
8924
7490
7470
4723
2394
7755
8074
1560
7659
4753
3664
3494
5646
2727
3416
7331
1501
2095
8420
7100
8943
8852
7998
482
8083
234
7411
9215
591
7817
9976
321
8946
5832
1595
8651
4958
6823
6491
6126
Query: 3
Nearest neighbour-1: 6746
distanceLSH: 266.513
distanceTrue: 206.737
tLSH: 14.825
tTrue: 81.3615
10000-near neighbours:
6746
222
6565
7599
5823
7269
2224
8916
6025
6336
1745
9157
6774
8377
6527
196
5022
7765
6260
2564
2859
4278
3928
1769
8047
4353
1562
1419
5463
2712
6626
7412
4405
9722
829
5636
866
8466
7782
5225
2083
2835
6255
6170
7161
764
3898
9395
9250
7712
1762
3944
2431
6751
6809
6252
3300
1949
7632
1921
6846
4372
1996
2321
6700
6982
1029
149
4171
9853
5876
1607
7244
6481
3041
9524
Query: 4
Nearest neighbour-1: 271
distanceLSH: 286.388
distanceTrue: 215.177
tLSH: 14.825
tTrue: 81.3615
10000-near neighbours:
271
1152
9596
225
8702
319
9373
3692
3065
3856
6244
3363
5624
5624
7384
2020
1521
216
9443
452
1772
177
744
4384
5395
9080
2761
9656
6011
9403
6146
6392
9954
2319
5983
2841
4920
5618
1701
6054
7708
9146
8331
1644
64
2471
1412
4574
252
622
3071
1080
6426
2178
5717
11
7884
204
3463
4522
7156
9752
1043
9209
7948
9432
6508
8662
4890
7717
5510
4155
4843
6589
6354
399
4983
4996
118
9267
5484
4856
Query: 5
Nearest neighbour-1: 6403
distanceLSH: 302.26
distanceTrue: 250.509
tLSH: 14.825
tTrue: 81.3615
10000-near neighbours:
6403
5138
6456
2848
1548
7677
8504
5720
2819
5085
5871
785
9848
5261
6567
2862
7907
4082
2550
5345
1259
8920
9419
3072
6918
9718
6237
7938
2780
2102
5773
7504
6124
7429
5806
8004
5230
6551
6598
7007
9572
3061
6672
2631
4052
3615
2061
6574
8139
1245
2440
3569
3300
421
2675
5663
9730
5212
7297
9204
7151
1203
2747
6004
3030
7704
185
2651
8849
9577
3741
6592
6592
4816
4921
8596
Query: 6
Nearest neighbour-1: 4325
distanceLSH: 358.042
distanceTrue: 275.151
tLSH: 14.825
tTrue: 81.3615
10000-near neighbours:
4325
1250
2886
3559
9263
4424
9684
6663
9566
3454
4599
8143
7913
979
722
8155
2308
8782
1230
7524
3880
2190
8835
4516
1127
747
9261
7576
8522
7846
7172
1405
1910
3576
5953
4971
360
2094
75
3334
4114
6940
6398
4774
21
861
8262
2460
434
7967
945
18
8059
5899
5922
6034
3384
6021
8156
8402
4916
5030
837
4906
6608
2915
1104
5439
7859
24
6488
8019
6293
Query: 7
Nearest neighbour-1: 1469
distanceLSH: 288.626
distanceTrue: 246.609
tLSH: 14.825
tTrue: 81.3615
10000-near neighbours:
1469
147
6831
2321
198
2183
3972
9170
3063
3657
9915
1250
364
3321
2580
133
9858
3622
329
1031
9709
6791
7629
1027
3843
4760
7608
6374
1430
713
5536
6640
7666
8870
6590
7202
8205
6512
5283
2344
7517
3374
3252
1977
4116
5530
87
252
771
1691
6097
52
2485
1611
4230
1399
1820
6509
5454
6578
4369
6108
5279
5654
3007
8079
4489
7138
2366
726
4865
5504
5534
5550
4491
3327
9719
4958
4395
5234
8576
6408
Query: 8
Nearest neighbour-1: 3840
distanceLSH: 310.887
distanceTrue: 173.948
tLSH: 14.825
tTrue: 81.3615
10000-near neighbours:
3840
7635
6659
3354
6842
5781
9775
6792
6672
3716
1842
3062
9424
3537
9929
5181
3167
3506
2307
2144
9066
2030
1807
3422
4457
4337
997
3888
2991
2507
8941
5843
9828
8876
2935
7199
773
9198
4242
7769
3170
5693
3539
9242
5723
3398
2041
6146
2391
6798
1628
6184
6184
8623
1103
3376
5744
4158
1944
2780
1432
7233
5493
9136
891
6635
5993
1641
5433
869
6241
7732
7787
814
4657
867
4965
4908
3494
7967
8327
9325
4840
7079
5048
6131
6567
113
4683
6828
5571
4481
5593
2985
7593
4710
7811
9027
8182
7679
6489
9877
Query: 9
Nearest neighbour-1: 4737
distanceLSH: 328.148
distanceTrue: 248.473
tLSH: 14.825
tTrue: 81.3615
10000-near neighbours:
3913
5880
4737
3370
205
3964
1336
4005
6509
5279
7165
4754
6108
52
5628
3465
3253
410
1930
3217
7905
3327
5534
8723
5034
1905
2341
4395
3050
4230
5550
3007
6298
2366
2126
5946
3306
9719
4656
771
4969
5201
3652
5033
5614
2344
6602
5454
7738
998
2441
8929
4370
1875
5020
5272
1027
4218
4430
5383
9201
3622
7926
6831
7629
364
7600
3182
9664
1832
860
3982
36
3041
8306
Query: 10
Nearest neighbour-1: 608
distanceLSH: 320.766
distanceTrue: 250.014
tLSH: 14.825
tTrue: 81.3615
10000-near neighbours:
608
5371
4777
492
3348
1675
4977
709
6874
3666
7477
1791
9024
1226
8785
6329
3191
5011
7522
7331
1082
9701
9265
8287
4868
6235
3217
6558
5895
7288
6876
5559
4572
8475
7867
3091
5136
8493
8494
6913
5299
6843
4487
3245
4533
3075
2906
5378
6723
8750
9887
8085
7176
1211
7334
2105
7141
9677
2574
3475
1710
2229
8769
4581
4748
8155
9423
3013
1032
5446
9167
9541
6037
8484
1476
Query: 11
Nearest neighbour-1: 2936
distanceLSH: 348.326
distanceTrue: 293.883
tLSH: 14.825
tTrue: 81.3615
10000-near neighbours:
2936
1282
7131
2940
3909
1032
8087
6229
9202
3969
2771
303
3760
6393
7294
3686
340
3156
3550
8754
2993
8843
6167
6659
5694
1684
2255
9686
6688
4051
2277
6723
8531
3696
7359
7868
6254
2600
7372
8734
7513
3331
3633
2248
6909
4470
8697
6151
633
7956
9689
6952
5622
118
9013
3791
1781
8024
4811
3383
4698
7785
4881
71
5542
6788
5321
4771
4642
Query: 12
Nearest neighbour-1: 4706
distanceLSH: 248.483
distanceTrue: 172.163
tLSH: 14.825
tTrue: 81.3615
10000-near neighbours:
4706
4855
4317
609
4716
733
114
8795
355
4901
7589
9310
500
4817
1649
4684
6509
3576
528
4986
2758
325
4833
5034
9231
2306
5147
5179
4072
6429
593
5150
8981
6435
5486
2624
1920
5213
6805
8475
4204
7416
1396
7754
5457
5434
3487
5646
8401
2079
9260
2194
1606
348
8961
1870
2970
8322
6174
923
4105
1247
3293
3205
3321
2478
9791
7058
3320
3966
1065
3200
4269
3697
2065
2296
8939
1415
1803
5694
7915
5663
4325
9866
477
6087
9776
1363
9651
3266
4936
3481
668
3198
7849
7340
6820
2277
3734
Query: 13
Nearest neighbour-1: 9806
distanceLSH: 314.679
distanceTrue: 238.55
tLSH: 14.825
tTrue: 81.3615
10000-near neighbours:
9806
1785
1045
1156
7862
9622
5315
1842
1763
2464
3070
8968
9928
1383
4643
2119
1236
37
5727
1046
3067
2922
2792
3149
6536
9364
5924
2131
7769
1111
6836
6794
7528
2181
4133
8796
1165
5081
7247
770
6461
6461
7314
6442
6588
4427
3638
8531
2103
692
1924
8093
6919
6364
6645
3358
9818
5908
231
51
6066
8168
8444
291
3032
9188
4959
3440
3580
1422
5621
5762
5304
104
4623
4464
7921
6430
4731
4730
9720
4700
8442
5633
6492
7696
Query: 14
Nearest neighbour-1: 9715
distanceLSH: 325.312
distanceTrue: 244.677
tLSH: 14.825
tTrue: 81.3615
10000-near neighbours:
9715
2700
126
2936
281
1740
1808
1311
3320
7122
1390
9599
4336
6881
9686
2642
8312
6295
4387
3990
3020
9392
6470
8293
6688
1986
3412
2940
9572
929
1342
6229
8754
7267
7359
8669
512
6254
3047
6051
2542
3607
3866
577
4365
2956
354
2015
7750
1303
1914
6390
1862
1214
8759
6300
9334
9042
9885
4156
6909
4207
4197
7921
5494
1781
7518
8804
4951
4951
5945
118
8048
4642
4771
5622
5321
9233
8565
7339
9877
Query: 15
Nearest neighbour-1: 1041
distanceLSH: 360.864
distanceTrue: 273.317
tLSH: 14.825
tTrue: 81.3615
10000-near neighbours:
1008
8823
3930
5058
2284
6927
1041
1366
2790
3306
6735
3036
4241
1827
1474
1191
5235
387
1792
8332
9384
6428
5123
2994
832
3227
8779
8398
3039
5535
2141
3708
9505
8175
7148
4334
7354
2150
2961
2301
4559
8126
1967
6473
2907
2675
2717
8045
7370
4119
793
7538
7105
8449
8209
8263
7506
3971
1434
1795
9451
9690
5976
4271
8797
3872
5228
7834
1313
5491
Query: 16
Nearest neighbour-1: 4761
distanceLSH: 293.254
distanceTrue: 253.683
tLSH: 14.825
tTrue: 81.3615
10000-near neighbours:
4761
4701
481
2427
4625
1838
4506
5344
1500
5086
2432
5731
6681
2400
3861
1315
4779
5196
2237
9531
702
8191
2333
2712
5295
1134
290
4470
7690
2502
8246
8040
7615
3447
3349
7973
5198
6203
8725
2049
2488
1742
8819
5152
2079
1698
2301
1715
9628
3313
1598
631
2856
1847
4113
8887
6157
2373
9712
2399
494
4838
3934
4451
4217
6775
588
398
3068
8940
6654
4096
9543
8532
6594
9691
3918
6700
1800
2695
8316
315
5844
Query: 17
Nearest neighbour-1: 9626
distanceLSH: 362.854
distanceTrue: 248.2
tLSH: 14.825
tTrue: 81.3615
10000-near neighbours:
2743
941
9595
1455
9626
7670
9866
3284
9909
9786
262
2817
643
8305
5506
5120
3917
3489
8074
6114
4147
2090
1619
7389
3152
743
788
6539
6533
4419
7777
3746
3172
9968
2798
2727
6106
2394
7113
977
9079
2569
3664
5221
3053
1582
7720
8374
7158
2095
7041
8102
9792
3151
1501
6504
234
9365
7118
8852
5187
6497
4490
5832
6658
4507
8651
5478
6823
4742
4704
4699
Query: 18
Nearest neighbour-1: 5374
distanceLSH: 654.54
distanceTrue: 254.635
tLSH: 14.825
tTrue: 81.3615
10000-near neighbours:
4096
1579
662
2362
9580
3402
1950
1503
629
3777
531
3807
7853
2421
6767
3025
2020
1603
9840
6474
4104
5481
1342
7164
2691
4455
864
6577
1993
8454
1758
5680
4431
4654
4306
4039
6675
4733
2024
9348
8293
8796
5347
8492
9279
6240
7440
3604
3731
2354
5985
4205
4219
831
5758
2038
8349
1214
5792
3658
2442
5372
7603
4753
1268
5594
8355
8262
1587
1770
2403
7374
5229
1105
2430
3702
9556
2573
1465
654
5311
6851
5374
7124
9297
975
7675
7614
7738
5704
1003
8634
5217
61
5713
4703
7339
5616
Query: 19
Nearest neighbour-1: 1068
distanceLSH: 365.527
distanceTrue: 266.889
tLSH: 14.825
tTrue: 81.3615
10000-near neighbours:
6707
7049
7399
784
2551
1068
7374
4191
9920
4330
5027
4548
3164
4167
9774
4818
4827
4511
2322
3233
9914
3446
754
5470
5560
6603
3724
6912
4745
2484
8882
6726
4459
5649
8018
7167
8044
5647
1308
3737
2330
6653
4286
5819
5907
393
7718
4984
8775
8279
2203
1163
8165
782
9273
7186
3343
7198
543
7930
572
6697
9878
9703
2910
757
6494
5323
696
6499
1475
1267
1778
8480
2782
8434
1806
9277
6998
2965
4252
7098
6630
4380
1073
8675
7375
Query: 20
Nearest neighbour-1: 2039
distanceLSH: 293.496
distanceTrue: 224.751
tLSH: 14.825
tTrue: 81.3615
10000-near neighbours:
2039
9527
2213
9815
8732
1447
109
2966
310
1869
289
1994
1230
5377
5310
2233
4023
3302
8744
6576
8313
9833
1017
5689
3611
6464
7895
8971
3084
7096
9480
2000
7321
9022
8438
9372
6769
6971
8537
2476
2394
1508
1488
1436
9774
3970
5040
5154
3353
8240
6378
7751
5372
8765
9035
956
784
8382
295
4814
2432
9465
8874
7079
9209
1879
5061
6980
1174
396
3470
5209
4982
5917
3038
5168
1041
4677
5058
9398
6747
4607
Query: 21
Nearest neighbour-1: 7263
distanceLSH: 241.884
distanceTrue: 192.984
tLSH: 14.825
tTrue: 81.3615
10000-near neighbours:
7263
2987
6367
5172
5910
8581
4796
4458
1547
8301
5390
9547
3508
6771
2462
9107
4596
9349
5556
4743
7744
2270
706
856
447
7474
4974
4805
1650
1995
8040
6756
8750
6067
1304
5664
9943
5054
4233
6465
8076
3473
8749
9340
5590
3694
4450
2304
5692
1186
503
4687
1307
1307
1906
8532
7104
8877
3302
6974
8614
9425
6064
9916
6376
6820
Query: 22
Nearest neighbour-1: 534
distanceLSH: 306.759
distanceTrue: 80.8455
tLSH: 14.825
tTrue: 81.3615
10000-near neighbours:
534
9770
9589
5304
6130
1827
268
2327
4366
2334
1839
8200
7795
6704
3236
3669
1137
6151
5609
7327
7219
3208
3371
7373
5346
4736
4318
5252
7168
5028
2095
5822
6633
6203
7749
6954
2854
1697
9156
7884
6885
8703
1927
7713
4052
5818
7037
8464
7440
3522
3683
3491
2577
4552
9132
5890
2373
7855
7356
7959
5347
9536
9050
7271
1294
8836
7793
3198
4375
8970
6550
2495
8490
331
5472
170
9552
1626
9938
929
Query: 23
Nearest neighbour-1: 4958
distanceLSH: 173.052
distanceTrue: 173.052
tLSH: 14.825
tTrue: 81.3615
10000-near neighbours:
4958
7126
6507
57
4597
7125
3421
4546
4546
8600
6033
1407
8156
9108
3973
5286
8833
3503
581
6276
8475
2487
5396
6413
9431
6781
1338
4954
5925
5006
5434
6488
9043
2920
6785
1529
2194
466
8953
3287
1066
7730
677
3478
5378
3342
6536
8796
2643
363
7660
2114
8955
8727
2039
2245
5756
2503
704
7287
1830
9568
4895
5706
1065
1616
5870
665
8925
6385
1764
7706
6650
7893
7830
Query: 24
Nearest neighbour-1: 5289
distanceLSH: 269.336
distanceTrue: 253.941
tLSH: 14.825
tTrue: 81.3615
10000-near neighbours:
5289
5169
5712
2141
8225
5863
3493
6557
1336
8660
5492
1531
3791
5526
4512
8878
768
3468
7806
4993
8751
6321
5820
1265
5707
4310
3033
3742
609
9528
4261
6774
3059
388
324
9484
596
4633
9881
3727
8096
7401
3900
2368
6324
8903
6294
3341
8593
5743
3762
7305
9292
8378
2260
1162
1840
7895
7107
3407
287
3131
7535
6769
2808
925
2030
7835
6655
7108
6513
707
320
6783
9927
286
545
4377
2695
7896
7879
3996
3247
2003
2691
3916
3448
4799
5401
Query: 25
Nearest neighbour-1: 4642
distanceLSH: 297.968
distanceTrue: 154.227
tLSH: 14.825
tTrue: 81.3615
10000-near neighbours:
4642
1821
5511
7495
550
6448
3756
6585
4905
5960
8040
1913
4127
9109
927
3709
5293
8908
5220
5501
6218
3377
2292
3618
406
5167
8505
8439
5828
6910
4589
4274
7790
8102
8196
1104
6917
4198
5827
9102
759
4461
2693
1804
8269
7088
7781
5082
7930
6074
6861
4045
1844
4224
4136
6000
3628
4399
4297
7595
5193
6185
5882
7317
6443
8906
1894
3242
6667
1340
2399
773
7289
703
4551
9621
2416
6044
4265
5392
9089
3167
9449
739
6600
Query: 26
Nearest neighbour-1: 8380
distanceLSH: 363.96
distanceTrue: 271.61
tLSH: 14.825
tTrue: 81.3615
10000-near neighbours:
8380
2401
1134
6923
7023
9166
4862
547
5056
821
2705
7302
4461
653
4433
765
3823
7182
8000
6303
2524
499
7614
9182
9846
3023
4969
7428
8996
1858
2291
3256
4803
7585
8863
4407
5683
830
9804
9010
7260
3906
3906
3986
8718
2777
3111
2019
2364
697
5659
2820
9626
2750
8043
7919
6001
8524
1027
834
980
2887
6314
4007
2674
6152
2816
6687
8587
2053
8104
9579
6037
3909
9832
6516
Query: 27
Nearest neighbour-1: 5374
distanceLSH: 298.114
distanceTrue: 183.442
tLSH: 14.825
tTrue: 81.3615
10000-near neighbours:
5374
9095
4864
5071
9144
8005
1248
1180
1301
1105
1637
6230
1214
8365
5821
7766
831
8551
258
1268
57
5337
1300
9910
7950
5144
8255
2753
6866
7352
2288
6323
4340
3731
9122
6871
3274
400
7960
7580
3658
4205
7641
7213
1229
8295
7272
9348
7632
7012
7315
9498
8524
1895
792
2872
383
2741
1495
3392
6843
8492
2446
4039
2337
2024
6281
4096
6675
9865
9906
4014
7597
6070
9766
507
4968
Query: 28
Nearest neighbour-1: 7423
distanceLSH: 277.503
distanceTrue: 175.516
tLSH: 14.825
tTrue: 81.3615
10000-near neighbours:
7423
7850
7262
3045
7146
6290
1724
358
6963
6447
7744
6825
7496
3533
9717
8254
4689
2033
6103
6605
4949
9586
8899
5381
4715
2911
4945
2344
7673
1580
624
909
7772
3223
7755
3065
5728
7369
9261
2019
8304
382
7011
463
2995
2840
7757
1773
4176
7175
3150
2074
8854
1095
9639
3926
6800
1728
599
3417
1347
1687
5672
239
1177
2776
1185
8776
2205
103
2045
8516
5631
9519
27
7250
5870
Query: 29
Nearest neighbour-1: 3728
distanceLSH: 480.393
distanceTrue: 224.86
tLSH: 14.825
tTrue: 81.3615
10000-near neighbours:
5880
8191
7292
1232
784
2520
55
4667
7801
2289
8828
2832
2555
5969
1727
3330
5294
8308
7413
9265
4874
2548
375
8528
5864
7799
5786
1298
3465
6355
6274
6382
8751
3168
2569
1652
4804
7675
3728
3640
4971
5155
7647
3943
3276
787
1863
9829
6699
6359
7321
5816
3737
110
8728
3017
1518
6570
9741
4581
8752
525
6962
9277
8252
1038
1151
3908
7281
3234
3635
4800
6337
331
3444
124
5275
8214
6612
Query: 30
Nearest neighbour-1: 5461
distanceLSH: 253.841
distanceTrue: 125.379
tLSH: 14.825
tTrue: 81.3615
10000-near neighbours:
5461
7592
6438
5096
7741
1215
8745
8916
4910
3439
6887
414
7113
5117
5224
8990
6735
7048
1123
4348
7995
6403
448
199
3022
1337
5051
856
3373
7348
1116
3072
8755
594
8763
9301
3676
455
4213
8987
9110
400
7821
5685
2802
4215
1741
4064
2734
2540
6669
7569
1013
6128
3788
2898
9130
8993
8857
3394
5929
8427
3560
1070
7239
4801
245
8808
1177
4955
2867
8772
7066
172
9742
9140
1098
2495
6228
7561
2128
6445
9714
6576
6647
9938
7935
Query: 31
Nearest neighbour-1: 6262
distanceLSH: 311.684
distanceTrue: 265.377
tLSH: 14.825
tTrue: 81.3615
10000-near neighbours:
6262
8501
8722
896
447
9095
8
6135
104
3757
1208
4191
6417
5961
2179
2839
1153
1556
5012
6341
5529
6052
7449
3772
3071
9590
3349
7571
8807
4761
6727
9174
9953
7583
4461
2979
5397
7006
7516
7019
1974
7271
5691
3287
8385
2161
2972
4208
6543
1843
6751
849
8744
5825
1846
6708
2150
7227
6651
598
2887
6729
700
3753
9950
7350
1296
9190
2148
6752
6083
170
5999
1896
7893
5680
2746
6474
734
470
2075
4654
2634
9554
262
6004
7792
8411
6480
7067
Query: 32
Nearest neighbour-1: 4334
distanceLSH: 559.334
distanceTrue: 109.192
tLSH: 14.825
tTrue: 81.3615
10000-near neighbours:
7177
7302
1872
1682
2146
2709
476
2633
3
8062
5966
8240
4666
5008
4912
6609
649
548
6607
6248
6485
9399
2086
6118
2893
1516
3825
2720
8255
2983
5796
6804
5176
969
8084
9446
4965
6261
8566
6030
8025
8517
4334
1668
5185
9236
7647
4189
8961
2304
6819
2451
1017
7350
6768
8575
2940
3471
2294
7833
7349
3904
4599
782
2151
9070
6992
848
6221
1537
6638
46
948
6207
263
4483
1018
1323
125
6646
3134
3411
6244
9843
7842
7110
6513
Query: 33
Nearest neighbour-1: 1474
distanceLSH: 348.455
distanceTrue: 187.563
tLSH: 14.825
tTrue: 81.3615
10000-near neighbours:
1474
8333
7386
5180
7549
1692
17
3129
2401
4813
5714
3408
4555
8672
5215
895
7362
8481
344
4148
8502
9068
961
7503
169
426
5478
5287
4601
1953
8198
3210
6644
1980
9035
8592
7612
5515
9616
5362
3888
8903
5305
8747
7713
1329
4414
6466
9318
7334
1665
3613
2993
7569
340
4254
5539
2250
3698
7601
4724
1211
2271
7656
6473
8546
1853
9352
5955
2176
1897
9985
5891
644
9344
3795
9867
5506
9760
9760
749
7968
4859
9565
Query: 34
Nearest neighbour-1: 5599
distanceLSH: 427.071
distanceTrue: 328.279
tLSH: 14.825
tTrue: 81.3615
10000-near neighbours:
5599
3409
6156
2294
4975
9189
2273
7797
8814
3557
1240
8422
2393
7446
6571
2232
7596
9300
1605
6574
2192
1844
2506
8379
4016
7021
6583
518
3283
9786
5835
9169
7537
4018
9153
2841
8816
1654
3032
3985
4115
8451
2727
5180
7944
9454
9314
6740
6513
4134
209
7566
3861
963
3000
461
3817
1903
4227
6649
5056
9224
7308
9209
6603
4861
8125
7741
3845
8606
2803
653
7573
8396
2896
907
8635
8445
8634
3818
4633
7073
Query: 35
Nearest neighbour-1: 3672
distanceLSH: 318.127
distanceTrue: 248.554
tLSH: 14.825
tTrue: 81.3615
10000-near neighbours:
3672
2623
8160
4626
326
1290
3359
4717
116
753
3860
7854
3946
5274
5742
6187
5851
8502
6230
8339
3015
1768
6303
5573
1410
573
5704
5145
6552
344
9415
5343
4927
5294
6352
1042
9942
6426
7689
7695
692
9243
6041
6453
2407
8295
3190
1428
1554
2842
7796
2137
1430
5189
3558
1983
4264
140
1887
8601
671
5191
4285
3841
3225
9455
3456
7693
7266
9781
6686
5472
Query: 36
Nearest neighbour-1: 2954
distanceLSH: 329.665
distanceTrue: 120.975
tLSH: 14.825
tTrue: 81.3615
10000-near neighbours:
2954
8149
7506
2144
8296
5212
1497
2678
157
9923
2672
2285
2494
804
9867
4515
9092
479
4923
884
6246
2719
3630
6792
9703
3287
3198
7608
9345
7852
8817
365
7870
2620
5040
8490
3371
1702
7153
8660
8418
2866
3090
9270
1314
3820
111
9588
759
6134
3485
1375
7252
8592
7784
6920
725
457
4688
4820
7344
8784
8392
5560
3965
2547
5850
4943
7845
8823
1015
7083
9513
4478
5938
9467
6786
5527
5210
Query: 37
Nearest neighbour-1: 8583
distanceLSH: 315.736
distanceTrue: 111.459
tLSH: 14.825
tTrue: 81.3615
10000-near neighbours:
8583
3368
1700
9702
2457
9750
2732
9544
8858
1156
107
2441
1149
9715
3481
3250
9574
3916
1998
8711
157
3968
1834
2750
1803
6882
7609
5601
1031
9451
7037
4119
1094
6689
8292
3654
9218
9056
9453
7099
8228
7391
9155
5920
1516
2564
1590
8902
5368
4206
2661
9772
8764
3446
9953
4318
1539
6133
8664
4566
9460
711
5502
8927
3876
4843
7135
5168
9041
4976
7041
5944
5007
5644
5430
247
6439
9610
3548
4592
9854
5883
Query: 38
Nearest neighbour-1: 999
distanceLSH: 394.449
distanceTrue: 166.856
tLSH: 14.825
tTrue: 81.3615
10000-near neighbours:
999
8124
1983
2642
9138
3119
8318
5585
8845
7452
2602
8872
5725
9328
4083
9369
170
1192
9807
6081
6011
6764
9949
6533
6893
8198
8401
7895
6956
927
9445
9338
3447
7386
8829
9463
8703
4637
1057
8275
3027
6985
4635
6906
7942
8031
4652
1526
8742
9956
5641
5465
1169
3279
475
1170
6302
8540
7287
4762
5133
4595
5573
2633
3719
5022
6035
751
1745
5069
7242
4622
604
5357
5047
7920
5257
9068
5046
Query: 39
Nearest neighbour-1: 3421
distanceLSH: 365.308
distanceTrue: 156.359
tLSH: 14.825
tTrue: 81.3615
10000-near neighbours:
3421
4983
2122
2918
945
3083
5716
4199
5878
5302
8762
58
3040
1137
7886
6373
4822
5526
2460
1180
52
4637
3642
2715
9960
3805
7432
9499
55
1435
7494
8052
8141
1196
5253
5001
7506
7827
2145
990
9787
5591
7708
6095
1558
2377
2356
7385
4056
2770
2543
7180
1239
1327
1463
5307
2516
3472
5660
2478
4437
9571
9412
9745
9575
4397
2675
4516
1786
2673
6208
9379
5348
6850
7629
7904
7548
9363
Query: 40
Nearest neighbour-1: 9749
distanceLSH: 245.626
distanceTrue: 193.977
tLSH: 14.825
tTrue: 81.3615
10000-near neighbours:
9749
3818
8606
2612
7193
2803
9385
4510
1394
308
6424
8089
1450
963
3817
9517
959
1208
1810
4018
3831
7940
4833
2998
5056
6302
732
4227
395
4212
796
7521
6343
9300
7239
990
1534
5723
2393
8670
3557
3738
2719
2329
4580
1626
1334
9012
7453
8194
2212
6614
5932
3527
9794
3029
8666
Query: 41
Nearest neighbour-1: 8507
distanceLSH: 333.816
distanceTrue: 153.564
tLSH: 14.825
tTrue: 81.3615
10000-near neighbours:
8507
2622
5063
7147
514
691
8176
3494
2601
5266
9822
6565
899
4926
3404
3823
7816
12
4777
8343
576
5233
6351
815
6271
7398
2485
9105
777
3436
1732
7073
7794
4536
2542
5493
3690
738
2621
8277
8660
6888
6060
5684
3937
4199
3384
7544
5123
7141
77
3747
3248
5987
3868
35
8536
2754
6467
3515
1101
2369
9183
3917
3996
8752
8583
226
2215
233
7379
3392
6833
218
9806
3784
7626
3418
9902
5481
6838
Query: 42
Nearest neighbour-1: 1907
distanceLSH: 278.817
distanceTrue: 200.494
tLSH: 14.825
tTrue: 81.3615
10000-near neighbours:
1907
6474
2201
7969
3872
2148
9620
4883
8872
755
612
688
4065
1850
1615
2746
4467
3199
7651
1333
587
1619
7862
941
8749
8385
3785
9816
2634
2329
8411
1558
7173
4208
6244
5691
8531
5508
6004
8260
5890
1031
3537
5583
7707
3761
5825
6787
1163
5154
6135
4993
5412
5396
6341
7449
3385
4166
3757
8975
9307
5147
1652
2167
8501
8501
7997
8105
7019
1344
11
2501
7753
3764
9186
4652
9101
5096
1556
6336
9513
8722
4797
4716
5320
5432
Query: 43
Nearest neighbour-1: 8106
distanceLSH: 245.41
distanceTrue: 236.772
tLSH: 14.825
tTrue: 81.3615
10000-near neighbours:
8106
6605
3954
5381
1527
6447
7476
8650
5083
2998
7772
9797
358
8557
9896
4522
909
3246
8927
9085
1023
4279
1348
1961
6643
6648
9590
5682
9721
8254
8179
7101
8089
2261
7096
7758
6056
7301
8209
3132
5564
4153
1492
9199
9593
3150
1695
8825
1785
3649
2840
3321
4021
4649
1319
1536
1521
4439
2419
2606
6083
3162
6053
8627
7142
7757
6072
103
239
124
4294
4098
5151
6971
1091
5982
9631
Query: 44
Nearest neighbour-1: 1084
distanceLSH: 328.945
distanceTrue: 165.339
tLSH: 14.825
tTrue: 81.3615
10000-near neighbours:
1084
5860
919
1442
4903
2142
2404
19
183
2810
6230
604
5279
336
660
9105
4959
208
973
4863
3691
2561
2893
8551
1432
3130
65
3586
8660
7082
8493
711
3384
4061
3510
1971
2056
2901
9382
7086
8010
4360
8494
3999
7636
1886
4486
25
9608
4924
48
9537
9901
9660
9756
1897
981
3002
7904
4801
6207
5375
8057
8668
6720
6208
Query: 45
Nearest neighbour-1: 4967
distanceLSH: 322.012
distanceTrue: 256.353
tLSH: 14.825
tTrue: 81.3615
10000-near neighbours:
4967
2097
8207
1133
4248
3540
1565
490
2381
612
4551
1312
2648
1480
3006
1517
1917
3630
9264
471
1455
130
310
9094
9314
607
7946
5154
809
4783
5326
7302
8919
9946
6027
1563
4055
9003
6351
9998
5989
2240
8682
5071
7709
2713
7759
5135
8455
7072
4805
5697
8182
2769
3722
6331
4659
5388
4541
7740
9619
7264
2582
7575
4484
873
6216
Query: 46
Nearest neighbour-1: 9624
distanceLSH: 303.873
distanceTrue: 261.362
tLSH: 14.825
tTrue: 81.3615
10000-near neighbours:
9624
5051
6274
7779
1413
5200
2616
6851
6403
4268
7518
608
3433
2875
4642
4353
10
710
6110
4484
3644
8707
8673
2298
4648
17
2468
8380
5368
575
416
1592
8121
3251
4466
4865
5328
3341
8624
6641
7739
5824
3772
8979
8791
6368
5417
6085
5962
8688
3614
3299
2406
4363
9439
8571
2571
1256
9679
5564
6683
7314
3492
6640
6270
4125
613
1150
2785
9622
4059
1605
1729
423
1712
2202
7368
5901
3816
3557
3527
2784
6965
668
9630
469
6153
5509
7178
Query: 47
Nearest neighbour-1: 6659
distanceLSH: 331.37
distanceTrue: 99.6293
tLSH: 14.825
tTrue: 81.3615
10000-near neighbours:
6659
3222
3354
1937
7293
6472
3716
6842
3537
718
3654
4063
949
9158
1842
5781
7333
7162
773
2958
3365
4371
3888
8192
3422
9205
9609
5843
9828
497
4488
5868
314
647
299
4059
1566
2345
345
1849
303
6152
9198
6146
3541
2391
8741
665
2780
5406
8864
444
1809
2682
4345
7967
5571
1601
2536
336
2068
113
7568
4484
8960
9921
5158
4794
53
5222
7787
879
6429
3642
5404
1767
7593
7678
8230
7270
866
6063
6755
Query: 48
Nearest neighbour-1: 4738
distanceLSH: 614.169
distanceTrue: 294.394
tLSH: 14.825
tTrue: 81.3615
10000-near neighbours:
2639
758
9627
7097
2155
664
8435
5728
5728
4295
98
3944
1985
6914
8492
5175
138
148
6062
9666
8281
6079
5189
8129
9492
8315
9034
8864
8569
3501
6785
2923
9147
2952
9339
7163
4618
1912
7153
9430
590
3576
5530
6304
3757
895
8187
5040
2597
2597
2920
1297
6302
3670
5449
2134
8075
7910
142
3517
4910
6938
457
6626
6560
6389
9719
7877
1594
5741
4708
5129
5465
9762
7412
9561
6951
4738
4738
7400
9420
7222
4691
Query: 49
Nearest neighbour-1: 4881
distanceLSH: 415.761
distanceTrue: 155.763
tLSH: 14.825
tTrue: 81.3615
10000-near neighbours:
4881
5749
4216
6916
5073
9329
553
4510
1024
6027
4893
6046
2830
3545
4338
8751
7291
5032
5111
6490
3524
6171
5087
7594
2227
9890
6068
2375
7148
4149
4607
7088
837
6162
2015
5141
9814
6331
1732
1993
4940
627
7670
1794
46
8710
8151
8068
816
2145
3812
4772
7117
2675
6245
1740
7062
7116
8446
263
3531
9857
9788
1948
8085
1689
6195
4980
3025
9234
9274
8681
7380
9897
606
Query: 50
Nearest neighbour-1: 4626
distanceLSH: 260.86
distanceTrue: 128.783
tLSH: 14.825
tTrue: 81.3615
10000-near neighbours:
4626
9697
4829
6684
4563
2638
919
4942
6931
6501
5851
9804
5274
5784
491
1496
624
5742
9801
93
3672
4927
8339
1437
1413
2318
5828
7677
1516
7510
4241
7854
5916
344
5792
7028
1702
8591
3722
9011
9942
7695
3252
9243
7586
9290
9053
4357
3215
1306
7671
1554
2619
1430
584
4530
1368
3173
7234
3406
3241
9840
4105
7693
8314
3328
3778
2175
9169
177
1906
9668
8057
6211
671
2974
3153
9781
4264
6020
3841
9977
319
7620
3495
Query: 51
Nearest neighbour-1: 4268
distanceLSH: 364.005
distanceTrue: 181.141
tLSH: 14.825
tTrue: 81.3615
10000-near neighbours:
4268
8597
6803
5750
5229
6371
4625
4914
5525
9031
7449
4470
6293
7615
7598
8246
4656
3831
9952
4406
2394
4989
385
59
5154
9370
3202
7716
1530
3447
6311
3419
2032
9496
3056
8204
3538
3005
4174
1753
8263
5599
9359
4451
3317
3441
2301
3123
3247
2490
3559
7313
8316
839
9647
9177
1544
365
2642
3996
3066
9404
1817
8362
6654
5975
4514
2823
4058
3303
610
3043
8657
1302
329
422
5661
943
1907
8108
9990
799
5480
5844
Query: 52
Nearest neighbour-1: 5075
distanceLSH: 333.297
distanceTrue: 130.813
tLSH: 14.825
tTrue: 81.3615
10000-near neighbours:
5075
2258
3189
1377
7468
5758
2979
29
8959
1263
4865
90
1457
1962
3176
969
2404
5033
5602
253
5838
5653
7522
8303
754
4978
4840
4813
7355
4554
5209
7579
2826
4033
5741
6243
7545
9288
8293
6803
9298
5921
4240
7192
8559
229
3857
6440
9427
1677
1544
2174
1942
2302
3438
152
2281
4169
3467
1997
8031
4446
4429
8690
7294
6679
97
1193
9551
9691
4746
8669
8087
7917
2583
9224
7141
9196
2337
8011
6004
9982
3120
Query: 53
Nearest neighbour-1: 3817
distanceLSH: 262.599
distanceTrue: 198.776
tLSH: 14.825
tTrue: 81.3615
10000-near neighbours:
3817
3517
9549
5056
5851
5627
658
5519
4041
5425
963
3469
2727
5458
1965
8121
8684
6563
5943
1135
2803
388
4573
4030
5290
6033
4227
4018
7416
3818
4092
5197
8606
8562
6016
3958
9056
9572
4123
5907
1368
3382
3656
1495
2806
3854
8366
3920
7255
4022
1880
1195
2393
7847
9300
2751
6778
1342
5666
5315
7235
8487
3187
3557
5306
7396
45
7540
6517
9713
Query: 54
Nearest neighbour-1: 4995
distanceLSH: 300.681
distanceTrue: 194.178
tLSH: 14.825
tTrue: 81.3615
10000-near neighbours:
4995
2915
2915
6021
5379
2422
6331
8035
8019
3847
7049
4195
6991
6490
3601
434
555
6041
9195
75
5010
861
8770
4157
867
4754
945
5770
8631
8059
6015
1223
18
1043
2847
1910
5936
5922
7570
1593
9302
3866
9313
3058
2370
1141
3880
9360
8313
8835
2568
9189
6728
3977
7723
6858
2320
3309
8010
2347
6081
4516
4112
2505
1127
1497
3390
8518
979
201
4599
6663
7196
5500
6461
5952
9649
Query: 55
Nearest neighbour-1: 4381
distanceLSH: 261.435
distanceTrue: 159.308
tLSH: 14.825
tTrue: 81.3615
10000-near neighbours:
4381
7267
8220
1686
3552
6576
2976
6346
2608
2946
5100
1764
7239
421
108
2391
2448
3099
3855
1886
2584
9064
3345
9527
4066
3853
2614
6759
8279
1795
3553
3130
629
4185
2948
7065
3423
8192
4241
2408
8860
2036
5887
9704
1509
1158
6363
1693
355
1357
4820
8309
9342
9882
6144
8916
3151
9465
4470
4664
3
6658
7860
2
8261
7927
5434
4631
7363
1122
8862
4313
9232
312
8141
9096
5731
9561
3007
7563
9255
7672
Query: 56
Nearest neighbour-1: 2819
distanceLSH: 630.295
distanceTrue: 184.043
tLSH: 14.825
tTrue: 81.3615
10000-near neighbours:
2882
5447
2806
9925
9130
7052
9094
2412
2145
3951
9605
1013
913
1968
9631
2265
5267
2149
6228
6495
6878
8987
7657
3456
5959
9679
374
1576
8990
482
2156
7160
856
4618
6308
8772
1337
1337
962
1488
2819
5247
8916
5009
594
2780
5502
8079
2524
4947
2952
9257
7518
8992
2288
5613
5979
8564
8287
621
3970
7802
4910
8722
9287
2196
1568
9987
8856
5424
4855
4734
7798
Query: 57
Nearest neighbour-1: 726
distanceLSH: 271.022
distanceTrue: 190.735
tLSH: 14.825
tTrue: 81.3615
10000-near neighbours:
4646
5019
726
207
4596
3962
811
8950
4657
5905
5166
1838
2394
5327
5128
4520
7459
6463
6964
1590
8410
8979
4691
8591
710
4541
4148
8742
6193
5942
6165
7153
3803
8497
5427
8851
8311
4848
7708
9347
9261
4327
1765
4189
8347
9292
6102
6102
7755
1941
9404
8390
780
9533
4299
7630
6247
4270
2440
9579
2771
9613
8614
3744
8199
7555
3588
9149
7694
121
5984
9081
5545
6687
5490
Query: 58
Nearest neighbour-1: 9652
distanceLSH: 299.57
distanceTrue: 167.147
tLSH: 14.825
tTrue: 81.3615
10000-near neighbours:
9652
1311
2634
9715
2475
3753
6004
2910
3320
9083
6196
9269
3412
8001
1390
9392
8411
2746
9627
8385
606
1143
1164
6474
6470
2148
7267
5825
9289
835
1052
4208
5691
6341
7019
6179
2091
1441
9321
8759
1746
3047
7571
6135
22
7449
7750
3757
985
2209
2051
8501
1556
5554
8974
7511
4207
872
4951
6251
1482
6051
938
7387
8804
9885
4932
1303
1744
1961
7409
1210
7699
5003
7921
8048
9877
750
620
7500
7731
3011
4817
8722
5883
Query: 59
Nearest neighbour-1: 312
distanceLSH: 354.39
distanceTrue: 65.7419
tLSH: 14.825
tTrue: 81.3615
10000-near neighbours:
312
5071
4803
9232
1563
4719
9619
9191
5154
4313
9342
2561
2913
183
8309
7946
6006
3
723
5554
1084
5731
19
8613
6230
1158
833
8551
4783
5471
65
9561
5326
7860
9998
9105
4593
8455
9737
1135
873
1181
5862
4365
8916
5364
9003
8182
7672
7304
7740
9435
6223
256
6849
4214
2381
6027
4541
764
9756
8063
760
3100
4248
629
8355
7239
2097
3423
4944
1764
7636
471
471
781
6207
3999
7267
7086
1886
1886
3345
8010
3247
9845
130
1096
Query: 60
Nearest neighbour-1: 5892
distanceLSH: 297.597
distanceTrue: 114.416
tLSH: 14.825
tTrue: 81.3615
10000-near neighbours:
5892
6881
9645
9340
4124
2697
2888
3795
3798
485
6818
3887
9985
9184
4315
8509
4362
9190
7277
1575
9592
9439
3827
3966
8064
2328
1544
5875
2459
1228
7719
5932
4010
6833
1579
3990
7619
8229
2563
8259
9881
3314
74
8093
3575
3820
2008
3603
8180
9896
5399
4339
7303
9431
6507
9312
215
1457
5848
563
1890
6280
8891
875
4588
6273
7152
5032
7976
7269
994
5978
4107
1217
4556
4513
6815
5957
9362
5432
8726
6289
5251
6268
Query: 61
Nearest neighbour-1: 5235
distanceLSH: 338.455
distanceTrue: 170.309
tLSH: 14.825
tTrue: 81.3615
10000-near neighbours:
5235
2791
2553
4903
1957
8365
2
5884
1424
4537
7906
5435
4992
7664
499
7413
1648
3822
7347
2949
2620
13
1019
9306
417
8359
1656
1735
3488
4391
3209
4151
2156
3846
3771
5183
1022
8050
547
2863
2442
8126
7767
9774
5461
3004
8976
4414
4182
2844
2844
6627
913
7880
6093
9168
3582
998
3813
9476
3289
3026
2899
2694
2643
1272
9170
294
428
8057
7243
6720
Query: 62
Nearest neighbour-1: 7167
distanceLSH: 296.366
distanceTrue: 140.357
tLSH: 14.825
tTrue: 81.3615
10000-near neighbours:
7167
8176
6171
5388
4347
1303
8126
6032
5804
1221
2529
5549
6008
2244
306
5072
4489
5832
1660
6997
4925
1881
3882
4688
2400
237
2010
6958
213
893
745
209
1580
1138
9058
1270
8698
8127
4195
3787
2425
993
8444
3257
8747
8784
5909
1840
8437
6617
1058
7560
7116
3229
7796
4146
260
2262
4065
9050
9437
7626
6728
3382
2005
9404
6345
7847
2399
3427
8082
7650
9581
6674
9861
545
4967
721
133
Query: 63
Nearest neighbour-1: 5005
distanceLSH: 282.684
distanceTrue: 131.651
tLSH: 14.825
tTrue: 81.3615
10000-near neighbours:
5005
5533
6925
9421
1268
5374
7459
2875
4592
831
176
79
4811
1214
9689
8972
4698
3731
3151
3331
7882
1085
1105
3928
2581
2367
7516
1951
71
3658
871
8697
6055
1298
2255
4205
3762
5558
2993
6949
8419
7218
4410
8166
8805
9538
4239
2744
1417
1417
2684
2352
8492
2398
6174
9348
6038
6358
6723
340
7393
4096
4039
3156
7190
2024
3070
3686
9702
6675
1684
3139
6667
3620
7597
8604
9202
6687
Query: 64
Nearest neighbour-1: 5568
distanceLSH: 350.528
distanceTrue: 94.9158
tLSH: 14.825
tTrue: 81.3615
10000-near neighbours:
5568
9144
6085
6784
22
5497
544
7956
8553
1512
4458
8623
2270
4121
9474
6492
9762
7908
3961
854
6553
434
9773
1082
6391
1611
4026
970
5295
7188
8904
6885
3420
6525
8514
6905
2811
5637
3905
3645
9243
7914
2437
9755
2566
9130
4436
6054
7951
9303
6587
2448
2119
6209
3459
9591
7358
8241
9949
9540
449
805
320
8117
8125
128
Query: 65
Nearest neighbour-1: 6927
distanceLSH: 301.879
distanceTrue: 138.275
tLSH: 14.825
tTrue: 81.3615
10000-near neighbours:
6927
9723
4225
828
3306
8053
1827
2916
1008
5122
7726
8189
4847
1912
2769
5058
892
3930
5065
9770
4509
5535
5121
2284
8398
4854
3012
2366
6995
9420
7946
387
458
1462
8042
5046
5827
9732
7354
4119
8134
8900
3708
6833
2851
8426
8574
2316
2150
6105
2886
1536
320
3364
2562
9451
2358
3270
3405
4334
8366
8130
3812
9613
2971
5192
7722
5191
2016
6427
5277
9380
9779
449
7010
9622
9889
Query: 66
Nearest neighbour-1: 50
distanceLSH: 274.394
distanceTrue: 173.381
tLSH: 14.825
tTrue: 81.3615
10000-near neighbours:
50
539
8953
7931
3677
1794
4446
7102
3624
2145
2098
1149
1052
7231
7879
1449
7117
272
536
1599
9439
1028
8574
2795
9831
7786
2414
3363
7521
7088
7152
4028
9857
1984
3365
3157
4174
2762
9234
5417
3533
5765
6686
7467
6600
606
2315
9274
2676
6782
8131
4789
1423
4230
5073
5821
9720
4077
1257
8593
8370
8310
4538
1375
4610
4893
2397
3769
1019
4190
752
2227
2178
2269
9020
1756
2256
4940
8231
7594
7006
4807
9890
6490
5111
9187
4794
5132
Query: 67
Nearest neighbour-1: 6666
distanceLSH: 404.405
distanceTrue: 200.866
tLSH: 14.825
tTrue: 81.3615
10000-near neighbours:
6666
80
9233
336
6561
7270
4900
8036
4460
729
7550
9921
116
3378
5404
3985
3963
6378
2325
4806
6187
972
53
5426
2536
2306
4345
5674
2068
5420
8049
9728
6963
9798
5242
1767
3498
1059
1601
9892
5390
9751
1306
6343
4371
7275
2993
4448
9372
6472
3301
862
314
9370
2411
1875
3649
2250
1164
7220
5581
9609
8155
4281
4421
674
1680
7835
3885
5655
9874
4250
8207
8546
3365
6829
665
6725
3841
6327
5473
8056
9582
9009
Query: 68
Nearest neighbour-1: 6793
distanceLSH: 295.801
distanceTrue: 224.225
tLSH: 14.825
tTrue: 81.3615
10000-near neighbours:
6793
46
6768
8728
42
6819
3190
9277
6207
5736
6116
7647
2940
2176
2451
5570
2304
2604
848
9212
5816
8298
1863
7129
494
6804
8566
5192
9842
9911
948
7933
1429
6337
5922
4141
8517
4167
7945
6291
6458
2209
5969
8752
3444
7652
8513
2569
8756
8169
4800
4971
7177
9293
8046
1516
8255
9741
8745
9311
2017
5786
8191
8121
6266
7302
9265
5966
7799
8828
9597
5379
1338
6355
5159
2893
8126
4666
Query: 69
Nearest neighbour-1: 7417
distanceLSH: 320.676
distanceTrue: 201.311
tLSH: 14.825
tTrue: 81.3615
10000-near neighbours:
7417
6331
2921
7611
3039
6103
6320
86
1818
8721
7100
4106
1048
4149
9014
4906
4615
5695
321
3667
8497
8946
1823
906
7721
2228
3988
4401
2904
4805
4753
6953
2367
5128
2598
9870
2094
7064
5872
9093
4359
4566
912
7817
8395
9988
2197
8304
6145
7056
465
1163
5020
1017
6419
6419
6777
2646
2840
569
8924
3516
2686
3428
2131
1974
47
5094
9645
859
4290
9662
7824
3637
5120
5552
4747
4921
9194
Query: 70
Nearest neighbour-1: 7806
distanceLSH: 326.305
distanceTrue: 266.813
tLSH: 14.825
tTrue: 81.3615
10000-near neighbours:
7806
114
4121
4578
5803
2084
6553
974
4672
1055
9105
7949
1630
3019
6354
9773
1082
4300
1344
3304
8120
7678
8915
4411
5640
6367
4093
8280
2091
1611
6068
7909
5865
6573
3420
3898
5538
5578
871
1490
2030
4443
7914
2679
2478
7646
7198
8652
9732
9130
3645
272
631
7246
3589
4810
9755
9584
9949
9897
9794
3136
7358
9367
9569
9591
4502
3148
8666
8241
47
6283
4816
Query: 71
Nearest neighbour-1: 6691
distanceLSH: 251.851
distanceTrue: 46.8188
tLSH: 14.825
tTrue: 81.3615
10000-near neighbours:
6691
4576
9974
5529
2892
2122
9562
5941
5068
5118
7578
2600
1673
2445
4655
2984
4396
8519
1746
8851
3279
6107
2368
7328
2553
2011
5283
4353
837
7720
8685
3728
2538
2191
3782
4043
2830
5402
8597
7028
8268
2869
8738
1674
7738
8181
999
2382
2082
9244
8587
7385
337
2055
2967
244
3100
2533
2960
6394
6699
3699
8940
4217
7894
4247
3746
2775
8706
1241
9949
8486
3550
7190
351
9613
599
6777
7067
262
8838
9379
5269
982
6484
219
7342
Query: 72
Nearest neighbour-1: 8310
distanceLSH: 369.467
distanceTrue: 193.675
tLSH: 14.825
tTrue: 81.3615
10000-near neighbours:
8310
3239
9267
3108
711
6847
8453
3601
2518
4577
3209
3052
4544
4508
1731
4631
1845
4555
112
4121
3957
4080
5112
3758
900
1570
3333
9618
5371
2597
5856
1105
268
8230
7607
5911
8513
5251
7899
2681
1078
7565
9120
5514
7306
9297
9741
2229
1174
7646
8456
7620
7613
2371
3550
5767
4220
9895
3013
8689
1694
2212
862
6443
8483
2674
1616
4112
2129
9596
2036
6152
9426
2152
2449
7396
7151
4436
9780
1219
7172
9845
3198
315
Query: 73
Nearest neighbour-1: 619
distanceLSH: 352.136
distanceTrue: 303.211
tLSH: 14.825
tTrue: 81.3615
10000-near neighbours:
619
3973
7442
2461
4604
5415
4785
7308
6059
1811
9017
3570
159
7570
2536
3501
14
5557
6981
5072
656
9763
5773
5342
4817
1218
9487
135
7734
3631
8380
4947
7338
5873
8685
4990
9325
8886
9700
6985
7318
7450
6104
2357
7412
4064
8027
2880
3172
3837
9152
1446
2172
9509
7584
5608
5934
7044
3869
7170
3386
1065
9576
2314
3122
2700
8347
7810
9761
8461
4476
9197
7669
2042
330
5563
4923
Query: 74
Nearest neighbour-1: 9315
distanceLSH: 373.624
distanceTrue: 230.458
tLSH: 14.825
tTrue: 81.3615
10000-near neighbours:
9315
4844
2931
343
6030
4473
5027
675
6912
8467
2223
9940
2787
4573
9362
4739
5674
6417
6479
8829
5560
7399
2903
3690
4827
9772
9689
2551
9302
6872
5246
4198
3661
5707
5153
5072
6726
1021
6556
9432
5074
2117
5310
8820
7866
277
3133
5819
2783
4984
8775
9626
2767
436
26
601
1053
9277
1477
8165
9929
2635
696
6856
1806
7389
7212
1778
6998
5876
6970
8044
7718
7367
6631
6630
2731
2731
5448
8675
7098
6799
Query: 75
Nearest neighbour-1: 4742
distanceLSH: 293.915
distanceTrue: 131.095
tLSH: 14.825
tTrue: 81.3615
10000-near neighbours:
4742
8216
1548
5322
1214
7949
2862
1889
1501
5515
4353
9287
8664
3432
9430
6566
2365
7530
969
8477
7072
3353
9365
2156
7732
7200
5268
4161
6742
8896
6976
4745
7441
5826
1741
3451
2880
3017
3751
347
9724
3010
3975
3076
3507
9475
2876
7009
6467
7254
1151
9628
9411
2154
4457
9490
1699
9678
2166
7349
9607
9409
6678
5932
6612
6601
Query: 76
Nearest neighbour-1: 6091
distanceLSH: 344.465
distanceTrue: 212.061
tLSH: 14.825
tTrue: 81.3615
10000-near neighbours:
6091
2772
5698
9953
8183
4201
8354
7264
8417
4633
4631
8771
8303
9383
3803
6478
1526
6388
3464
5029
1909
9136
2949
7750
2671
9914
7697
7851
4756
4042
6789
7256
6870
5493
2989
4902
4460
8060
6927
1061
9156
8758
4006
5999
1851
2539
8677
3853
9227
4315
8006
9376
5933
6968
4133
9944
8312
8282
2888
1906
8644
8897
7702
9033
6793
3712
7293
2001
5095
2278
85
8064
4360
7953
3921
3588
1664
2821
2962
3183
1713
5239
646
3119
8799
2446
6864
9595
Query: 77
Nearest neighbour-1: 3838
distanceLSH: 301.136
distanceTrue: 251.257
tLSH: 14.825
tTrue: 81.3615
10000-near neighbours:
3838
9671
189
862
8669
4746
4427
2739
4419
8279
9226
6445
2808
7016
9633
9364
3112
4184
229
201
8731
2352
1885
3636
3137
7294
4426
4529
81
4412
3540
4429
1768
4103
1131
2583
6022
7579
8948
8777
2369
3580
4919
2518
3185
1612
2401
6789
8291
5075
4512
4784
746
8053
5838
29
2367
90
8097
881
5979
1081
4932
1321
3487
5569
4694
4240
3804
6404
4554
5654
4681
Query: 78
Nearest neighbour-1: 2136
distanceLSH: 353.984
distanceTrue: 293.716
tLSH: 14.825
tTrue: 81.3615
10000-near neighbours:
2136
4603
9314
7237
71
9377
3956
3470
4785
3246
235
7414
8273
4917
3980
8301
5143
1358
5516
5863
2191
3642
7017
6014
6321
4567
2573
6690
5025
8743
7986
1946
8266
1443
2431
9911
7185
2381
9025
761
6743
4431
4973
2849
879
8090
9390
2348
8782
2603
5724
9303
3625
5694
7052
9996
2475
1710
1710
4263
9064
3923
6819
9324
2472
1016
3080
497
9284
9508
8845
7357
9091
8194
6468
8209
6288
8433
3426
4416
7793
8069
5631
2730
Query: 79
Nearest neighbour-1: 1791
distanceLSH: 339.76
distanceTrue: 226.868
tLSH: 14.825
tTrue: 81.3615
10000-near neighbours:
1791
6130
2402
9096
257
235
5148
2800
1958
1257
709
5254
5639
234
3035
3772
7691
7972
2428
9748
857
5673
6658
753
5083
7416
4352
5218
1528
3932
5886
9233
2948
8679
1851
4283
5241
4675
6198
3319
2760
1386
819
5383
261
9076
3103
9405
4281
9591
7086
2016
2363
8659
9249
2130
423
3752
9448
240
3875
9888
424
5604
6168
Query: 80
Nearest neighbour-1: 1906
distanceLSH: 270.348
distanceTrue: 148.165
tLSH: 14.825
tTrue: 81.3615
10000-near neighbours:
1906
2115
5767
5239
9099
3313
8799
4413
484
1868
4125
761
8297
8955
8644
2807
2410
769
8776
1802
3712
2500
8412
5548
2871
4133
4696
5819
9126
3931
7953
1837
7063
3901
7446
6481
7694
8220
6351
898
6620
8137
5495
7996
1076
7744
9953
1522
3788
3464
1418
410
2017
9136
9819
8758
2769
5568
4155
2018
1697
6036
3803
8092
6766
9051
7182
3709
4275
3960
9383
2994
3445
6478
4513
1876
5045
9156
4764
352
32
7851
6381
1744
Query: 81
Nearest neighbour-1: 1237
distanceLSH: 352.386
distanceTrue: 146.311
tLSH: 14.825
tTrue: 81.3615
10000-near neighbours:
1237
7793
9167
9989
6111
3489
5736
8069
9057
7361
6500
2878
3875
5041
8933
2129
8668
7978
2473
4038
7031
3155
2746
5756
3685
3472
3472
8234
1491
4653
3896
3157
9650
6220
8910
5680
2736
1629
4859
3236
1235
6554
5179
7619
9165
7185
2306
368
4228
6953
5218
7211
5045
7138
7226
8300
9060
5089
2227
7256
1172
8592
9421
251
1435
2453
2033
9525
270
7639
305
802
6851
6766
7997
4692
3178
9122
4702
4729
8695
6271
6955
4590
5730
8589
Query: 82
Nearest neighbour-1: 5103
distanceLSH: 306.972
distanceTrue: 276.819
tLSH: 14.825
tTrue: 81.3615
10000-near neighbours:
5103
2227
475
7947
5556
1374
8762
8951
187
8997
9293
1216
4830
7981
650
8973
1014
9883
4226
79
1836
4405
4018
1692
8558
1418
444
9619
5730
6827
1720
2875
5971
1577
4093
4685
4880
8977
8223
562
1749
9525
473
3093
5621
8826
2168
8908
1999
6138
2540
8280
7005
348
1894
1633
3815
9535
8427
3683
2370
1704
2120
4252
3245
2567
8584
2510
2393
7319
7220
4185
6012
9114
1835
6039
9129
3715
5537
2683
5269
7232
9659
1982
131
665
9694
8627
1830
4687
6461
9285
438
Query: 83
Nearest neighbour-1: 55
distanceLSH: 311.617
distanceTrue: 271.982
tLSH: 14.825
tTrue: 81.3615
10000-near neighbours:
55
467
3954
5555
2931
3640
2952
53
5063
6817
4310
141
5357
2601
5321
7311
4641
3662
7956
3690
3641
5493
8634
1048
4092
2768
6188
3825
4757
4720
3739
9892
5016
8748
7998
5483
2645
7865
3419
1761
4037
6467
8427
5204
3391
3490
9533
3148
9580
9806
2734
1144
9323
4534
5175
3996
7659
686
131
8510
2737
625
8966
8070
5259
4067
5360
3835
1385
5181
7068
82
Query: 84
Nearest neighbour-1: 6129
distanceLSH: 320.087
distanceTrue: 181.607
tLSH: 14.825
tTrue: 81.3615
10000-near neighbours:
6129
5207
7420
7400
4745
11
7465
1601
8564
889
1661
2656
6032
4832
4646
4844
590
4204
5549
936
7279
2950
8452
7545
8551
7454
8920
8130
9048
5697
6889
6279
1008
8874
1021
8777
6772
6620
6465
8313
8248
5035
3450
1863
3322
8379
9711
3171
588
2281
7009
7446
1708
1694
5276
6570
4598
7336
7266
2936
1182
6071
5191
2274
9934
1806
3873
3186
4388
1091
9478
Query: 85
Nearest neighbour-1: 8049
distanceLSH: 392.128
distanceTrue: 192.678
tLSH: 14.825
tTrue: 81.3615
10000-near neighbours:
5732
3662
6502
1146
4876
3941
8503
689
9522
3188
8365
2208
8024
7047
8049
2597
6449
73
8184
5616
5908
2979
8440
1976
4718
3260
1339
902
1350
1408
3257
4465
3140
3191
3595
5569
8734
9913
6048
3987
7751
5489
3612
8424
773
5383
5041
4034
2509
8692
3619
1895
5816
3530
7681
2696
7061
5498
5349
2963
669
361
4060
2477
9658
4343
1255
1938
5617
3221
6901
2437
8869
3795
684
1341
2498
9754
210
9436
Query: 86
Nearest neighbour-1: 5578
distanceLSH: 456.192
distanceTrue: 285.107
tLSH: 14.825
tTrue: 81.3615
10000-near neighbours:
5578
374
2948
9723
1159
9233
4383
3729
6410
7023
5539
5140
5198
8936
5258
5062
9837
4793
9358
9964
4223
2488
114
8377
5084
8391
474
9919
235
2517
9310
4263
2037
3339
3583
5533
527
2351
9503
4630
2610
6733
4290
8253
4873
9096
6658
424
1120
6199
7920
8845
9542
9888
5083
5150
412
6027
5973
4783
1386
6462
8062
7402
8069
988
1751
6936
9591
9295
1046
850
8043
7272
618
2464
3320
7383
9161
3841
5795
8221
Query: 87
Nearest neighbour-1: 6205
distanceLSH: 347.343
distanceTrue: 224.907
tLSH: 14.825
tTrue: 81.3615
10000-near neighbours:
6205
3347
7234
8447
7063
3300
8220
2871
7161
1607
4037
9091
69
1319
9455
2410
4696
3944
6982
150
217
9672
4376
1868
2938
2413
5495
7768
7839
6682
6255
9706
1419
8794
3898
9475
7718
8169
4353
9250
4688
1976
6381
9644
2083
1876
6846
5236
8092
5338
8983
3781
6944
4864
7205
3960
8818
2564
7364
2224
6620
5221
1418
1891
9040
2994
2927
7004
4155
6565
4764
5823
1697
Query: 88
Nearest neighbour-1: 6101
distanceLSH: 607.336
distanceTrue: 123.56
tLSH: 14.825
tTrue: 81.3615
10000-near neighbours:
6652
645
9143
5826
7613
539
8082
8082
3687
1542
8809
7084
1840
786
8775
7529
2837
6441
4089
7962
100
2562
9837
8307
6650
2137
639
4251
6646
3229
2392
6032
2716
5421
8698
4895
2400
7421
3147
3559
9710
447
995
7253
2310
237
5613
4688
3473
3882
3417
1270
5102
9089
3984
2
8087
1169
8186
1968
1058
9262
6617
6421
2050
2534
359
8784
106
6101
6127
3078
8218
1660
1547
6822
7440
5707
6420
6171
8450
1303
209
6728
168
205
5850
5294
2425
8883
3012
8256
8958
8126
Query: 89
Nearest neighbour-1: 1024
distanceLSH: 660.047
distanceTrue: 75.08
tLSH: 14.825
tTrue: 81.3615
10000-near neighbours:
2786
9406
518
7062
2459
3626
7647
77
1667
2640
1689
7917
1032
3098
4801
9788
2590
2945
8298
6634
1144
8465
6046
9653
9775
1687
7116
8944
9897
7042
1804
8488
1948
8332
4429
7499
6817
4145
5335
2698
41
4225
5066
6231
8786
2830
5106
553
2722
7380
1810
5512
4499
8616
907
6068
6547
6605
6891
9979
7614
67
5331
8068
1024
6048
6162
6217
Query: 90
Nearest neighbour-1: 7119
distanceLSH: 157.34
distanceTrue: 114.534
tLSH: 14.825
tTrue: 81.3615
10000-near neighbours:
7119
7284
6971
2295
9454
948
1603
826
2783
5285
6114
9012
5928
8688
3678
4386
1519
2395
4428
7034
2116
3283
3492
4015
4327
272
5442
3340
5756
2849
7239
2266
9887
6468
7554
7847
8896
6734
28
1508
9588
3254
9341
4808
557
9790
2564
5989
4441
5196
5959
3674
908
9287
8083
3178
4048
4078
6867
6589
5562
3326
5078
4900
3036
4848
7365
894
3323
78
1105
3925
7807
9717
5139
4763
7003
6696
6727
Query: 91
Nearest neighbour-1: 905
distanceLSH: 256.425
distanceTrue: 50.4579
tLSH: 14.825
tTrue: 81.3615
10000-near neighbours:
905
8651
5879
9793
6502
938
3662
462
2569
8365
4669
1119
5629
5769
309
1146
2714
2520
266
2483
4042
2781
2512
6707
1821
2365
5457
215
8504
5489
7812
6202
7138
5435
1338
4691
6330
5616
6381
7200
5913
3257
6889
1229
8621
4034
3221
1597
2945
1739
3305
2371
4215
6427
5383
7189
5153
4336
6586
9451
4364
1255
647
9278
8449
9955
5356
489
561
3298
5269
3220
7898
7089
3795
5800
7705
9835
Query: 92
Nearest neighbour-1: 268
distanceLSH: 430.164
distanceTrue: 298.027
tLSH: 14.825
tTrue: 81.3615
10000-near neighbours:
268
6097
4767
2335
1473
1661
4018
4711
9185
6662
2077
4710
3779
4970
8287
8063
2171
500
2168
6052
4784
3192
9117
7745
8812
5477
4931
4630
4788
9006
838
7517
4616
750
4946
8452
3767
5111
6487
3700
8239
2531
2215
1240
487
6197
593
3620
2159
9072
6375
5414
7393
8268
5524
8484
8954
1831
7894
1239
3631
8208
7877
3914
6159
8457
5313
9676
9984
7196
151
2438
2435
5347
4234
7704
7547
Query: 93
Nearest neighbour-1: 1873
distanceLSH: 370.292
distanceTrue: 141.464
tLSH: 14.825
tTrue: 81.3615
10000-near neighbours:
1873
1099
3644
292
2333
6259
637
637
2877
5093
5730
7387
938
3107
2059
8261
1969
8112
2758
2813
4328
274
1947
6641
4754
4881
1756
9259
5942
7187
9023
9136
8673
161
9980
6868
4867
5373
9385
6485
1346
7923
4319
6959
5937
5914
7695
1446
4011
2515
1927
8717
1187
9201
8321
8326
8297
4356
9428
8235
8625
4039
6569
3121
3993
1505
8405
5259
6531
85
3567
1324
7864
8290
4007
350
8925
7988
1981
8292
424
2060
6422
8512
Query: 94
Nearest neighbour-1: 6757
distanceLSH: 330.236
distanceTrue: 234.774
tLSH: 14.825
tTrue: 81.3615
10000-near neighbours:
6757
1718
8882
8807
6561
256
7765
9986
4511
1068
4558
7049
4543
7639
90
5382
9459
9074
6603
7784
4774
9774
908
877
8336
6034
3146
3724
2396
4872
6887
6409
2021
8018
4666
2484
5647
6192
8529
4221
8279
3958
924
8315
2330
6580
757
3526
3569
2106
543
3322
1213
2490
2280
6697
9381
5299
2414
1267
626
4286
7225
1127
6098
2286
818
8426
9197
8533
6522
Query: 95
Nearest neighbour-1: 5812
distanceLSH: 351.266
distanceTrue: 160.571
tLSH: 14.825
tTrue: 81.3615
10000-near neighbours:
5812
5812
7339
2659
2225
1357
2827
4536
803
5389
6007
4080
7571
1781
8862
8159
1077
3035
6240
3348
2689
2726
2322
7222
5750
9507
8591
2161
3747
2630
506
4503
6178
2293
3174
2575
826
2349
4375
2040
2647
6023
2044
1885
9673
572
3162
9223
8162
5976
7289
3390
9850
6397
6838
9908
6220
6292
6967
7959
Query: 96
Nearest neighbour-1: 3056
distanceLSH: 325.429
distanceTrue: 305.392
tLSH: 14.825
tTrue: 81.3615
10000-near neighbours:
3056
6580
4139
3118
1757
2867
8326
3887
2796
2516
6936
2935
5566
781
3495
1342
4323
3760
250
7591
3285
4802
1063
2974
3942
7993
7561
9954
2016
4347
7838
8515
2362
7714
2657
7346
8437
8328
2632
5022
212
9446
3311
5520
4404
5415
3750
7817
5525
8567
8697
2654
2594
7948
3769
634
4985
9701
6165
3469
4471
8663
3956
9459
3207
8763
202
4401
9872
454
8795
4115
5721
Query: 97
Nearest neighbour-1: 5910
distanceLSH: 347.148
distanceTrue: 285.79
tLSH: 14.825
tTrue: 81.3615
10000-near neighbours:
5910
7948
8170
4655
3547
8328
2913
6417
9216
2955
3772
234
6266
9095
5012
1274
4012
4663
7032
9513
5397
775
367
1845
7382
2021
7422
3924
4471
2028
9590
8803
5459
8393
2815
4532
4931
9032
6996
1372
7516
6510
7612
7857
9074
7924
9516
2161
2757
1070
1941
5392
1929
506
3627
3250
6651
1775
2887
2125
7521
954
5475
9641
470
4065
8744
8752
685
7433
3753
262
7587
3512
2307
9816
5782
1987
7179
849
7180
5705
6111
Query: 98
Nearest neighbour-1: 869
distanceLSH: 390.987
distanceTrue: 233.532
tLSH: 14.825
tTrue: 81.3615
10000-near neighbours:
869
7079
605
9994
6754
9121
9877
3279
3192
3001
6241
6241
2956
3556
6509
8623
4908
7583
6489
8182
6828
4222
4943
5578
8038
7437
891
392
4091
3493
9027
634
9136
4970
9496
5898
4448
5723
8369
8854
7769
4181
3517
6242
5693
914
6897
9424
8773
9515
6184
6673
7233
3150
2507
3308
1341
8625
3048
277
3506
1494
823
5217
5712
1669
4965
6514
5808
2075
4289
887
2742
4337
3167
2935
8876
5433
743
8648
9066
616
123
5394
9929
7061
5923
8948
6672
6676
Query: 99
Nearest neighbour-1: 9045
distanceLSH: 378.037
distanceTrue: 137.43
tLSH: 14.825
tTrue: 81.3615
10000-near neighbours:
7695
2170
5850
2610
5669
3643
5605
9103
9337
9792
9045
8803
5904
6766
6771
4682
3575
6201
3901
5221
2091
5350
8215
6477
6390
355
6716
882
3781
4812
242
3246
1595
4834
3984
142
2100
1426
4418
2536
1516
6335
5426
5225
6120
2395
8793
3236
6486
8505
8186
8076
6863
7092
2931
6787
7020
3195
4611
1249
1677
3396
9343
4264
7277
2525
9628
5869
8995
403
3337
2634
7979
1945
2277
7881
3277
1291
6296
9576
4147
7065
5100
2376
3496
5901
9139
2575
820
1759
421
1572
2109
4524
8499
8595
9873
2096
Query: 100
Nearest neighbour-1: 1910
distanceLSH: 374.293
distanceTrue: 184.613
tLSH: 14.825
tTrue: 81.3615
10000-near neighbours:
1910
712
4670
4907
1041
9975
8503
8291
4402
5799
2984
3651
2587
4756
875
1546
2769
4856
6848
5969
4546
2919
9445
1861
1393
8719
3962
6957
5063
356
4935
7807
3940
6456
4311
6964
6641
5015
7616
4597
8347
8554
8621
9496
6497
2970
3499
7099
4567
2508
7625
9443
3959
4218
1741
4419
1367
6346
4423
2450
5099
917
2777
3065
1166
8638
1489
8766
2606
6113
6568
4850
4426
6250
6342
1404
6004
9462
1685
9786
1182
8378
7835
6752
8488
1152
688
564
670
45
7043
4380
7892
8869
