Query: 1
Nearest neighbour-1: 1885
distanceLSH: 313.077
distanceTrue: 276.782
Nearest neighbour-2: 1324
distanceLSH: 359.949
distanceTrue: 277.496
Nearest neighbour-3: 3615
distanceLSH: 363.077
distanceTrue: 282.315
Nearest neighbour-4: 281
distanceLSH: 378.83
distanceTrue: 283.637
Nearest neighbour-5: 3810
distanceLSH: 381.047
distanceTrue: 284.596
tLSH: 0.000479863
tTrue: 0.022456
1300-near neighbours:
1885
1324
3615
281
3810
3013
8835
980
1288
2973
8406
9671
9828
138
1312
1522
1494
3144
6184
1447
4517
1857
1013
3387
2977
667
9348
2120
7694
9089
7576
7862
316
4066
140
930
9733
1383
9143
4732
96
8151
8986
3015
5920
2598
8966
8347
6167
8826
651
6549
2848
832
7206
5872
5441
12
6420
9045
3740
2827
2427
6124
2573
4668
5554
9698
234
2488
1585
4566
5051
5354
4756
456
9617
4731
366
358
7675
8798
2433
5922
5730
6907
7739
6747
Query: 2
Nearest neighbour-1: 125
distanceLSH: 308.477
distanceTrue: 256.852
Nearest neighbour-2: 9702
distanceLSH: 322.755
distanceTrue: 259.913
Nearest neighbour-3: 9963
distanceLSH: 326.382
distanceTrue: 262.895
Nearest neighbour-4: 286
distanceLSH: 341.522
distanceTrue: 262.926
Nearest neighbour-5: 2118
distanceLSH: 346.725
distanceTrue: 264.932
tLSH: 0.000468863
tTrue: 0.024442
1300-near neighbours:
125
9702
9963
286
2118
3616
5726
1605
587
1096
1030
3777
8080
4053
9878
2155
4870
8953
3143
5120
3114
2510
5259
6900
3025
6512
347
9745
6075
1706
8428
8814
4169
5581
7395
4760
1712
1027
8205
9498
8526
7587
7873
2373
4342
9463
8435
9230
7341
7810
4994
8143
4048
7554
7459
6269
1496
22
8380
2997
1357
6017
7763
1060
5909
8369
2460
8309
592
8618
562
3593
3876
5243
7473
9334
5497
8263
6218
430
7166
2537
7698
9108
9377
9346
6817
4959
1224
7421
3388
4983
4440
2911
7696
4862
9877
1925
5117
4778
Query: 3
Nearest neighbour-1: 5339
distanceLSH: 280.196
distanceTrue: 206.737
Nearest neighbour-2: 4952
distanceLSH: 300.671
distanceTrue: 219.461
Nearest neighbour-3: 5971
distanceLSH: 308.101
distanceTrue: 222.551
Nearest neighbour-4: 4982
distanceLSH: 311.344
distanceTrue: 227.726
Nearest neighbour-5: 4389
distanceLSH: 332.17
distanceTrue: 241.754
tLSH: 0.000412863
tTrue: 0.020258
1300-near neighbours:
5339
4952
5971
4982
4389
444
7398
3141
2670
7101
9208
6726
4590
2322
4582
3598
5806
334
1733
2076
9013
5458
5024
2660
4463
1297
8474
2091
3214
7939
4107
5365
9921
1828
1210
8249
5495
720
343
400
5234
6341
4369
6441
9316
8912
1120
8952
6772
583
8128
5582
7370
7369
6013
8145
7994
3573
3905
3654
1463
8845
885
4175
2867
3865
2928
1520
3884
8045
282
9393
629
9449
1812
3318
8237
2783
9001
1448
2274
1868
5359
7553
9780
7179
6183
5604
Query: 4
Nearest neighbour-1: 4098
distanceLSH: 249.622
distanceTrue: 215.177
Nearest neighbour-2: 9212
distanceLSH: 279.371
distanceTrue: 216.843
Nearest neighbour-3: 271
distanceLSH: 286.388
distanceTrue: 236.138
Nearest neighbour-4: 806
distanceLSH: 341.207
distanceTrue: 242.207
Nearest neighbour-5: 2626
distanceLSH: 351.074
distanceTrue: 249.622
tLSH: 0.000477863
tTrue: 0.01983
1300-near neighbours:
4098
9212
271
806
2626
2041
1842
697
763
4045
226
8868
3558
2392
1325
3061
1937
195
8681
2116
5259
9686
3909
8841
1029
3395
2449
9685
2761
8516
9857
227
707
9437
6394
8720
9410
8117
1141
5656
4123
5845
8421
6671
1999
8917
5953
8931
42
790
2598
8471
7355
8983
3674
2236
2985
854
28
3570
6643
8032
9774
5587
6952
956
8030
8374
3517
3031
7765
6343
8819
5065
4928
2616
2136
5703
1569
7346
5121
8105
5895
9769
7906
5207
3072
5226
4811
5013
7851
1181
8403
6362
6597
8565
6732
5
4624
5173
6050
5951
7696
Query: 5
Nearest neighbour-1: 253
distanceLSH: 360.25
distanceTrue: 250.509
Nearest neighbour-2: 1208
distanceLSH: 373.538
distanceTrue: 257.538
Nearest neighbour-3: 4005
distanceLSH: 374.573
distanceTrue: 265.068
Nearest neighbour-4: 9474
distanceLSH: 374.868
distanceTrue: 267.277
Nearest neighbour-5: 5177
distanceLSH: 375.999
distanceTrue: 279.383
tLSH: 0.000451863
tTrue: 0.020339
1300-near neighbours:
253
1208
4005
9474
5177
5745
3216
976
5407
1233
4072
4541
9876
1793
5083
4618
5821
8591
5687
8131
7444
1749
3533
1372
3434
8
4017
7159
4433
5215
7488
7922
6130
442
1859
7351
5282
4310
7401
4928
4897
2032
4152
1638
7208
7121
7109
8819
4245
8368
7528
2145
6623
8877
6094
2020
1075
5385
6564
1994
2382
7091
1668
2314
3815
363
6767
7098
506
2235
1567
4024
3351
1434
3784
4192
3992
3379
9824
1534
2531
6287
2496
1471
2580
5607
5841
4068
9592
9744
9285
7705
2528
3042
5844
734
6999
7630
Query: 6
Nearest neighbour-1: 4247
distanceLSH: 317.998
distanceTrue: 275.151
Nearest neighbour-2: 1708
distanceLSH: 325.768
distanceTrue: 287.503
Nearest neighbour-3: 3190
distanceLSH: 363.538
distanceTrue: 293.82
Nearest neighbour-4: 3611
distanceLSH: 375.261
distanceTrue: 300.525
Nearest neighbour-5: 9915
distanceLSH: 378.331
distanceTrue: 304.816
tLSH: 0.000431863
tTrue: 0.019703
1300-near neighbours:
4247
1708
3190
3611
9915
9543
645
9176
3183
5802
2246
3150
1514
3747
2811
4098
2294
7246
8409
7300
3627
2969
7977
1147
240
1507
819
6284
48
6798
9636
7970
4016
9282
2347
1943
3907
8767
9070
3746
9930
2571
5499
5973
4869
8529
8752
7266
9435
7213
7287
8070
4441
2518
5419
4338
8133
9481
6584
5985
7042
973
1780
8445
7216
1025
8592
2957
4661
3518
4154
5889
9221
386
2142
1978
6825
1637
8072
4837
6691
7485
4925
9058
161
7127
7224
1966
8183
8403
9793
2048
1769
1640
8338
5362
4005
1002
5373
4310
4660
Query: 7
Nearest neighbour-1: 1118
distanceLSH: 350.326
distanceTrue: 246.609
Nearest neighbour-2: 8711
distanceLSH: 353.576
distanceTrue: 252.816
Nearest neighbour-3: 8711
distanceLSH: 353.576
distanceTrue: 255.805
Nearest neighbour-4: 7056
distanceLSH: 355.875
distanceTrue: 256.105
Nearest neighbour-5: 1897
distanceLSH: 362.855
distanceTrue: 258.337
tLSH: 0.000480863
tTrue: 0.019597
1300-near neighbours:
1118
8711
8711
7056
1897
3044
4112
423
2515
9345
3300
3558
9427
4838
3186
3126
5308
2219
1241
2674
6687
6256
4053
800
978
7267
6175
3557
1848
3157
7897
7685
6807
584
6577
6882
2384
6519
4159
8585
9029
5915
6460
8356
7957
8012
8157
9180
9239
712
1560
8593
8724
7236
8354
8227
8903
3775
4048
2093
3987
4774
7053
3924
4964
4407
3571
2121
7447
7324
1640
544
9203
3278
4206
6526
5369
3564
4260
7906
7801
6425
6383
6365
3623
4761
5612
78
236
3912
4908
6058
559
7876
6682
206
5328
160
5864
5627
5796
Query: 8
Nearest neighbour-1: 6092
distanceLSH: 269.368
distanceTrue: 173.948
Nearest neighbour-2: 8090
distanceLSH: 318.135
distanceTrue: 177.727
Nearest neighbour-3: 7081
distanceLSH: 326.187
distanceTrue: 196.403
Nearest neighbour-4: 1144
distanceLSH: 329.512
distanceTrue: 197.56
Nearest neighbour-5: 5082
distanceLSH: 334.857
distanceTrue: 205.093
tLSH: 0.000412863
tTrue: 0.019901
1300-near neighbours:
6092
8090
7081
1144
5082
6905
3567
1713
9879
2261
9274
3136
538
3916
2263
4214
2898
2776
5598
4937
2972
108
6073
2963
4059
2604
2604
4629
2811
5857
3684
50
8188
6592
6093
7760
9887
6713
9926
4259
3940
8745
8714
7402
4962
4226
9192
4197
986
1881
2471
5109
1956
8913
7665
6108
1179
9772
5554
5178
2804
7592
5592
4737
9549
352
1017
6746
8481
1745
1771
5911
4814
4329
4391
9941
5132
7083
7921
4843
4608
Query: 9
Nearest neighbour-1: 3304
distanceLSH: 310.912
distanceTrue: 248.473
Nearest neighbour-2: 9708
distanceLSH: 320.921
distanceTrue: 256.215
Nearest neighbour-3: 9458
distanceLSH: 321.065
distanceTrue: 259.012
Nearest neighbour-4: 8231
distanceLSH: 329.375
distanceTrue: 259.137
Nearest neighbour-5: 4621
distanceLSH: 337.568
distanceTrue: 263.945
tLSH: 0.000411863
tTrue: 0.019211
1300-near neighbours:
3304
9708
9458
8231
4621
4194
153
5501
5029
5940
4506
1366
2663
659
5404
7413
6131
8723
3466
1782
4080
6532
9625
7982
4331
970
4036
9587
188
1571
1893
546
6384
5502
5311
4882
9071
6812
3161
2611
6716
9496
4383
7087
6067
6185
9278
7176
1308
2293
1329
538
7425
7833
7318
8372
2280
4020
6850
287
1455
8478
6856
4160
2097
4325
7988
5631
7227
541
3134
8547
9861
3886
1183
5984
9454
2434
2044
2935
478
3496
7841
9989
6979
7105
5227
6421
6821
9843
Query: 10
Nearest neighbour-1: 689
distanceLSH: 265.4
distanceTrue: 250.014
Nearest neighbour-2: 876
distanceLSH: 323.683
distanceTrue: 251.722
Nearest neighbour-3: 4594
distanceLSH: 327.683
distanceTrue: 254.68
Nearest neighbour-4: 8898
distanceLSH: 341.567
distanceTrue: 262.717
Nearest neighbour-5: 3165
distanceLSH: 344.366
distanceTrue: 263.374
tLSH: 0.000412863
tTrue: 0.019478
1300-near neighbours:
689
876
4594
8898
3165
8175
3071
1153
5805
4679
4106
5047
1479
2789
2789
9513
4591
2134
3761
3761
1531
3374
4813
6873
1357
888
4546
692
5093
1879
3776
4876
8867
7442
2926
8415
6904
1290
7567
3265
8697
9944
8451
4532
4901
8902
9749
9810
8120
764
8620
2539
4245
9391
1843
1935
7657
2054
8570
3078
2602
7627
2635
140
6898
2148
4360
1291
1475
3915
9234
2277
1927
7010
7625
6444
261
9662
2075
2337
148
4516
4163
4955
6385
3720
6678
9545
5480
5518
5600
6838
Query: 11
Nearest neighbour-1: 5456
distanceLSH: 360.533
distanceTrue: 293.883
Nearest neighbour-2: 8390
distanceLSH: 368.719
distanceTrue: 308.914
Nearest neighbour-3: 2272
distanceLSH: 376.114
distanceTrue: 309.307
Nearest neighbour-4: 7919
distanceLSH: 382.408
distanceTrue: 311.014
Nearest neighbour-5: 5323
distanceLSH: 385.395
distanceTrue: 312.784
tLSH: 0.000485862
tTrue: 0.019409
1300-near neighbours:
5456
8390
2272
7919
5323
108
9684
9806
6905
1403
3289
155
2348
1522
1757
2646
3883
175
786
8293
3499
9335
2566
3068
1937
1329
787
3297
1609
8080
1559
5962
8824
3589
3316
9437
1986
4565
8796
6067
4035
7115
6862
7102
2583
9235
5695
2542
4847
22
4831
4241
2705
4154
6889
1317
14
986
116
4106
2035
9062
6035
8288
7567
591
7140
9315
3435
5449
2622
4162
7329
7579
3580
3989
4905
1393
9855
935
5515
1089
5430
4874
7799
5085
9748
9846
9790
6930
79
8075
6779
6354
5855
9801
1210
5045
8777
5774
Query: 12
Nearest neighbour-1: 19
distanceLSH: 275.543
distanceTrue: 172.163
Nearest neighbour-2: 7423
distanceLSH: 279.373
distanceTrue: 206.608
Nearest neighbour-3: 4906
distanceLSH: 290.888
distanceTrue: 224.484
Nearest neighbour-4: 1146
distanceLSH: 311.492
distanceTrue: 225.109
Nearest neighbour-5: 4729
distanceLSH: 314.119
distanceTrue: 227.337
tLSH: 0.000425863
tTrue: 0.021453
1300-near neighbours:
19
7423
4906
1146
4729
161
1637
1442
8077
9385
1336
1966
2481
266
2256
5880
8364
2170
6825
4888
5621
3446
2537
4544
7724
386
7210
7033
9505
2243
1780
6407
7218
4196
9320
2561
7224
1604
2253
8605
8645
2865
5921
6877
6182
8777
7571
5402
6927
2396
7640
9118
796
6765
6539
2193
8387
3881
6810
2242
2139
4145
7527
1493
2811
3747
3746
1319
6962
7988
3920
3351
926
8969
2590
9070
1943
9667
2075
1834
9552
1708
1944
3356
195
7304
4090
8289
5688
9176
6699
351
5499
2851
127
9435
6649
5858
7405
8932
Query: 13
Nearest neighbour-1: 1148
distanceLSH: 312.245
distanceTrue: 238.55
Nearest neighbour-2: 503
distanceLSH: 312.573
distanceTrue: 250.072
Nearest neighbour-3: 1897
distanceLSH: 312.722
distanceTrue: 251.239
Nearest neighbour-4: 7681
distanceLSH: 324.926
distanceTrue: 252.567
Nearest neighbour-5: 1266
distanceLSH: 339.416
distanceTrue: 252.737
tLSH: 0.000407863
tTrue: 0.019788
1300-near neighbours:
1148
503
1897
7681
1266
1917
565
8653
2516
4315
3841
1320
2733
4100
3157
2962
7547
8859
4023
9100
3302
6073
6913
315
3496
2362
2193
5115
7307
2406
4171
2759
8140
9500
9410
1139
5450
7667
5967
8586
7882
8074
9120
3946
7790
1836
28
6976
8697
7721
7036
2586
4204
3265
7412
5399
5523
6645
427
3352
9051
430
4813
275
4435
4222
9397
3383
4969
7740
298
1443
1062
1248
6342
6342
3246
8198
2230
9221
6331
4841
1275
7125
4595
4513
7416
7787
5194
8829
7006
Query: 14
Nearest neighbour-1: 844
distanceLSH: 304.841
distanceTrue: 244.677
Nearest neighbour-2: 1834
distanceLSH: 332.051
distanceTrue: 256.739
Nearest neighbour-3: 1538
distanceLSH: 332.709
distanceTrue: 259.675
Nearest neighbour-4: 9583
distanceLSH: 341.751
distanceTrue: 262.134
Nearest neighbour-5: 1370
distanceLSH: 351.957
distanceTrue: 268.373
tLSH: 0.000480863
tTrue: 0.019449
1300-near neighbours:
844
1834
1538
9583
1370
2619
3483
1887
97
3864
696
6153
848
6709
4869
9665
6061
6765
7576
2395
2684
7056
8709
3475
6768
8559
8652
9743
5356
5411
1628
9927
1573
3839
9936
7714
8157
8768
7318
9194
2128
8918
8568
7665
5848
1693
9147
8738
1674
7577
794
3787
1570
731
4093
1483
4891
5068
8376
3954
1344
3545
7533
3054
1883
6024
9059
2442
892
416
4693
2926
5860
798
5479
2013
8746
7310
6181
5430
4951
5043
5301
4709
5132
4310
6413
2049
936
8703
5720
5720
7821
1305
6745
Query: 15
Nearest neighbour-1: 855
distanceLSH: 345.21
distanceTrue: 273.317
Nearest neighbour-2: 6439
distanceLSH: 348.828
distanceTrue: 278.307
Nearest neighbour-3: 3031
distanceLSH: 356.916
distanceTrue: 282.74
Nearest neighbour-4: 5273
distanceLSH: 360.642
distanceTrue: 288.399
Nearest neighbour-5: 3792
distanceLSH: 364.087
distanceTrue: 291.307
tLSH: 0.000416863
tTrue: 0.019544
1300-near neighbours:
855
6439
3031
5273
3792
1263
7421
5415
2208
274
4460
2365
2724
4727
8342
1742
6058
746
9252
1395
6754
9384
7118
5334
4435
2877
5431
8851
3278
5908
6249
3667
6501
2221
1208
4453
104
4893
4111
1905
6602
9063
2715
5076
3640
4010
7323
3773
2773
3762
4474
1761
8401
2355
3994
1665
3561
1283
530
3529
677
2359
6996
2992
394
4751
1544
3112
8114
2954
2534
9039
2846
1985
7526
3826
9099
1984
603
8671
7325
239
6992
6564
1219
7039
1364
9278
6228
8893
6523
9461
6111
3886
Query: 16
Nearest neighbour-1: 1527
distanceLSH: 335.976
distanceTrue: 253.683
Nearest neighbour-2: 3763
distanceLSH: 338.935
distanceTrue: 254.823
Nearest neighbour-3: 972
distanceLSH: 340.207
distanceTrue: 256.753
Nearest neighbour-4: 4452
distanceLSH: 343.017
distanceTrue: 257.422
Nearest neighbour-5: 7329
distanceLSH: 349.225
distanceTrue: 259.079
tLSH: 0.000400863
tTrue: 0.02005
1300-near neighbours:
1527
3763
972
4452
7329
182
3786
1359
235
3188
3188
5849
4655
7773
2653
7126
3708
2222
711
3748
8907
557
179
8227
5510
7154
3168
295
9740
5122
9407
3941
6068
4135
4441
8476
5350
3447
7143
1676
237
6309
2947
6305
8421
7287
3641
9206
7084
2503
8456
8129
498
5867
1238
2958
3075
2664
1504
8140
3613
4998
5392
3597
4253
2274
4141
3511
9710
5739
5506
2566
7394
6928
210
1573
5416
3411
9579
3319
913
3529
152
273
8864
6113
7539
9977
6998
Query: 17
Nearest neighbour-1: 2272
distanceLSH: 298.975
distanceTrue: 248.2
Nearest neighbour-2: 1812
distanceLSH: 300.518
distanceTrue: 248.324
Nearest neighbour-3: 9639
distanceLSH: 319.083
distanceTrue: 250.667
Nearest neighbour-4: 9898
distanceLSH: 329.535
distanceTrue: 255.19
Nearest neighbour-5: 2591
distanceLSH: 358.844
distanceTrue: 255.317
tLSH: 0.000472863
tTrue: 0.020209
1300-near neighbours:
2272
1812
9639
9898
2591
8648
1842
2734
7251
772
4356
9690
958
8709
9447
5801
7129
3714
3883
3020
394
3361
5767
8065
1390
3944
1353
3888
4262
5736
8966
2202
5094
3398
480
7232
983
3899
6199
5553
7092
2261
6675
8494
9323
8674
8270
6554
7631
8645
2854
2076
7707
7983
7109
2014
7449
4279
4540
1657
1105
2178
386
4894
3728
7533
1078
3433
4225
163
4109
1135
9891
6916
2912
9872
9587
4395
5670
8141
5439
4857
6126
4854
Query: 18
Nearest neighbour-1: 1536
distanceLSH: 307.818
distanceTrue: 254.635
Nearest neighbour-2: 3137
distanceLSH: 308.969
distanceTrue: 260.852
Nearest neighbour-3: 9637
distanceLSH: 315.336
distanceTrue: 263.279
Nearest neighbour-4: 3516
distanceLSH: 319.805
distanceTrue: 263.431
Nearest neighbour-5: 5705
distanceLSH: 325.358
distanceTrue: 263.676
tLSH: 0.000434863
tTrue: 0.021804
1300-near neighbours:
1536
3137
9637
3516
5705
9815
567
1086
2303
2743
1096
2771
8941
2149
9684
8922
8922
2239
616
9950
8117
3293
3714
2707
8307
6207
4746
6157
193
748
2479
7229
3295
7395
3774
1524
1758
6083
1572
2140
4001
4426
4426
4747
7881
6220
7622
9650
5035
2315
5131
1401
5020
4936
7235
8056
7557
6071
6587
8615
7869
829
8786
1350
4150
830
6144
3594
8500
5350
9014
6339
1884
4985
6584
5316
6814
1438
9329
3708
1067
4043
5783
395
8990
6026
4309
6869
5562
164
4890
2551
4466
4328
9611
7124
7167
313
4822
7435
6307
8482
1479
5911
Query: 19
Nearest neighbour-1: 117
distanceLSH: 280.202
distanceTrue: 266.889
Nearest neighbour-2: 501
distanceLSH: 289.392
distanceTrue: 268.527
Nearest neighbour-3: 5381
distanceLSH: 335.389
distanceTrue: 274.341
Nearest neighbour-4: 104
distanceLSH: 347.396
distanceTrue: 275.601
Nearest neighbour-5: 3758
distanceLSH: 362.737
distanceTrue: 276.523
tLSH: 0.000391863
tTrue: 0.020943
1300-near neighbours:
117
501
5381
104
3758
5205
5136
4496
9416
1585
3877
1
8223
5273
3532
8851
5304
8309
8683
1395
1742
1905
6754
4866
9961
8751
2582
7421
6976
7606
6757
6879
2715
5091
7748
6924
8325
2773
5712
6564
9318
5193
2961
3360
3400
5599
5797
682
2846
3123
2940
570
2359
8316
3886
925
2505
2639
4243
6672
2421
4533
3826
1599
1013
3693
3815
201
7267
3043
6677
3379
9541
9971
314
5095
6600
4923
5270
285
4747
5696
7067
Query: 20
Nearest neighbour-1: 1469
distanceLSH: 260.956
distanceTrue: 224.751
Nearest neighbour-2: 9632
distanceLSH: 281.436
distanceTrue: 230.213
Nearest neighbour-3: 1370
distanceLSH: 296.707
distanceTrue: 233.495
Nearest neighbour-4: 6419
distanceLSH: 306.751
distanceTrue: 236.901
Nearest neighbour-5: 1897
distanceLSH: 314.065
distanceTrue: 239.552
tLSH: 0.000552862
tTrue: 0.021024
1300-near neighbours:
1469
9632
1370
6419
1897
472
958
5239
4629
2416
2271
3418
1306
2562
8559
1684
3396
9081
6668
7527
4967
9675
2571
9663
4551
4076
6580
7836
4612
6346
5693
7730
8284
8930
6698
3540
9353
4202
6983
7202
6569
8224
4073
9057
7931
6100
4393
6759
4195
7554
8787
7475
1920
1410
8839
576
6255
3758
291
8903
2839
3502
2964
7577
4013
6278
6585
1859
9413
8760
308
4636
877
8410
7563
2984
214
203
9617
2623
8789
7911
4226
6801
9248
6320
3925
9842
2545
3543
7573
8521
5076
6015
6431
3668
5296
8225
7767
Query: 21
Nearest neighbour-1: 9512
distanceLSH: 263.61
distanceTrue: 192.984
Nearest neighbour-2: 8073
distanceLSH: 270.47
distanceTrue: 193.249
Nearest neighbour-3: 1947
distanceLSH: 295.491
distanceTrue: 196.008
Nearest neighbour-4: 3970
distanceLSH: 314.201
distanceTrue: 198.842
Nearest neighbour-5: 8058
distanceLSH: 315.691
distanceTrue: 199.84
tLSH: 0.000402863
tTrue: 0.023048
1300-near neighbours:
9512
8073
1947
3970
8058
2390
4465
3206
6924
8646
6839
2324
5748
5113
1413
831
2292
6952
6428
4711
5492
6378
3985
4462
1414
5579
7550
4758
246
4127
833
1673
1107
2831
3932
6036
8110
8149
8055
5596
3488
3614
2901
4162
1962
7620
8717
4220
4851
6196
1842
4306
7248
1013
8782
6450
8192
8151
4451
8150
6772
464
587
6769
9404
3336
6729
3813
1887
2110
10000
505
2739
7685
8514
984
1538
7684
3513
98
1282
5853
8909
310
8104
211
6445
9167
9780
6979
4815
Query: 22
Nearest neighbour-1: 22
distanceLSH: 291.361
distanceTrue: 80.8455
Nearest neighbour-2: 183
distanceLSH: 297.244
distanceTrue: 87.7325
Nearest neighbour-3: 4587
distanceLSH: 308.203
distanceTrue: 207.302
Nearest neighbour-4: 9248
distanceLSH: 324.259
distanceTrue: 218.577
Nearest neighbour-5: 1790
distanceLSH: 325.286
distanceTrue: 220.42
tLSH: 0.000401863
tTrue: 0.023124
1300-near neighbours:
22
183
4587
9248
1790
2983
946
2018
2778
4236
1344
4173
9523
9329
1264
4627
3503
5729
2536
2050
5733
5178
5520
4330
2445
8475
2208
8751
8655
5778
830
9987
5214
4409
9312
6695
5237
5621
6066
5234
6661
6903
6126
6722
7868
5669
8736
7755
9123
8424
8204
6860
3911
5035
8162
1554
9703
7552
5638
851
1033
933
3451
8858
5271
2477
6345
3696
4294
632
1293
2036
606
2673
9915
6650
2418
7988
1907
6776
428
3453
3814
9472
9674
8611
6183
8595
688
8499
Query: 23
Nearest neighbour-1: 4606
distanceLSH: 216.025
distanceTrue: 173.052
Nearest neighbour-2: 7422
distanceLSH: 241.371
distanceTrue: 175.642
Nearest neighbour-3: 4592
distanceLSH: 254.305
distanceTrue: 182.642
Nearest neighbour-4: 5571
distanceLSH: 295.418
distanceTrue: 199.427
Nearest neighbour-5: 187
distanceLSH: 302.997
distanceTrue: 199.582
tLSH: 0.000489863
tTrue: 0.021672
1300-near neighbours:
4606
7422
4592
5571
187
360
8302
874
2597
61
4812
945
2211
3373
767
9166
7805
425
8453
1011
3769
1048
4475
5029
5630
6737
3217
7816
5090
4884
5229
7905
635
2171
2474
2682
2234
8696
7036
5017
1395
6884
3673
7219
4575
8756
9876
5641
9155
1721
879
7463
8328
6950
4161
6556
9203
7654
8293
6921
4273
1367
7402
5798
7131
3977
9120
2619
7011
818
362
2626
6513
8842
8011
1564
3456
9838
9022
6209
9554
8185
6841
1128
2372
8021
3318
5473
3301
3841
6296
84
9328
7170
7934
3512
25
194
9889
317
9765
5228
8967
Query: 24
Nearest neighbour-1: 5008
distanceLSH: 323.866
distanceTrue: 253.941
Nearest neighbour-2: 6403
distanceLSH: 335.742
distanceTrue: 254.876
Nearest neighbour-3: 1234
distanceLSH: 349.81
distanceTrue: 256.677
Nearest neighbour-4: 2068
distanceLSH: 351.699
distanceTrue: 260.042
Nearest neighbour-5: 5733
distanceLSH: 363.211
distanceTrue: 261.576
tLSH: 0.000438863
tTrue: 0.020354
1300-near neighbours:
5008
6403
1234
2068
5733
2063
206
4817
8638
2252
5458
3071
8215
8156
4463
7590
2832
75
2660
551
576
8474
5760
5365
334
701
4493
7456
1828
2050
1882
3587
2500
8946
5697
7257
4540
8311
6145
5338
7007
5942
5646
6739
2267
5399
5455
6912
8011
6772
4188
9967
4327
4337
2991
4145
1487
7370
8145
8783
287
4220
8397
6535
9324
4285
2648
3250
2867
9197
230
2566
2412
3935
1773
8408
219
2755
452
6685
5585
2268
9449
1391
2154
3528
2703
3865
885
5356
4975
8056
136
4295
6790
5987
1341
2475
9448
2754
6550
7115
50
484
1615
9843
9826
Query: 25
Nearest neighbour-1: 9265
distanceLSH: 284.996
distanceTrue: 154.227
Nearest neighbour-2: 6025
distanceLSH: 293.08
distanceTrue: 156.547
Nearest neighbour-3: 7157
distanceLSH: 294.951
distanceTrue: 191.186
Nearest neighbour-4: 8737
distanceLSH: 322.61
distanceTrue: 232.08
Nearest neighbour-5: 2638
distanceLSH: 334.444
distanceTrue: 239.46
tLSH: 0.000414863
tTrue: 0.019311
1300-near neighbours:
9265
6025
7157
8737
2638
6919
5388
2136
5859
3275
4084
8343
1425
8040
7511
1676
4542
8501
8770
3500
3376
3028
5030
6884
7414
4046
3509
1082
4804
5346
6356
2333
5621
4556
8756
1083
5502
8420
2920
9350
7144
2693
1804
7909
8735
9137
8134
9064
6587
1140
1367
6466
5466
4123
1379
1963
1632
5347
2006
8692
697
7314
9280
5271
8387
3009
1855
5496
1786
2954
9592
7659
7010
5199
5598
9874
2260
8448
4924
8022
5893
808
8155
8242
7507
9277
3127
7197
1063
8228
9665
4799
920
8499
9196
7893
Query: 26
Nearest neighbour-1: 2354
distanceLSH: 363.579
distanceTrue: 271.61
Nearest neighbour-2: 8442
distanceLSH: 364.646
distanceTrue: 286.568
Nearest neighbour-3: 4745
distanceLSH: 371.724
distanceTrue: 288.806
Nearest neighbour-4: 10
distanceLSH: 372.377
distanceTrue: 292.817
Nearest neighbour-5: 1744
distanceLSH: 374.146
distanceTrue: 294.995
tLSH: 0.000468863
tTrue: 0.019023
1300-near neighbours:
2354
8442
4745
10
1744
1079
5737
992
8984
6323
8392
1549
1823
9253
4204
6009
1223
9337
5989
5998
9805
8840
4226
1577
5949
8050
4110
4941
6707
6726
5478
7134
7150
5669
7996
9921
5015
8460
3107
1076
2932
7279
8715
9222
5670
1139
2259
7857
4035
3810
8372
1993
5817
1740
5469
8753
5021
598
631
2303
3080
8315
293
6845
1296
9322
8219
1294
2274
5411
1202
7108
4248
8933
1281
2968
7295
2742
4120
8546
1931
8533
2414
5583
6111
7893
1517
663
2212
189
1245
7892
5181
Query: 27
Nearest neighbour-1: 7268
distanceLSH: 296.395
distanceTrue: 183.442
Nearest neighbour-2: 4005
distanceLSH: 328.737
distanceTrue: 199.702
Nearest neighbour-3: 8417
distanceLSH: 333.258
distanceTrue: 220.018
Nearest neighbour-4: 4590
distanceLSH: 335.024
distanceTrue: 223.099
Nearest neighbour-5: 253
distanceLSH: 341.598
distanceTrue: 224.326
tLSH: 0.000384863
tTrue: 0.019809
1300-near neighbours:
7268
4005
8417
4590
253
1372
3545
1315
3000
2656
3954
7003
1671
5130
306
9027
952
9869
4595
5282
5111
2333
7351
8664
3216
6165
1059
1451
9728
3256
6389
869
1481
6559
5312
9052
7455
8591
6607
9160
3888
2079
2382
1206
5080
7712
348
8220
1434
2398
9222
9668
8013
3315
1534
6623
4428
4356
9351
1094
2525
3544
6043
8648
5740
3069
4385
1567
4073
8689
8252
9861
1728
9576
9150
7652
7250
6593
3897
7824
9949
Query: 28
Nearest neighbour-1: 4004
distanceLSH: 267.944
distanceTrue: 175.516
Nearest neighbour-2: 7024
distanceLSH: 295.175
distanceTrue: 200.888
Nearest neighbour-3: 4745
distanceLSH: 302.166
distanceTrue: 212.549
Nearest neighbour-4: 4560
distanceLSH: 302.455
distanceTrue: 220.474
Nearest neighbour-5: 3165
distanceLSH: 306.49
distanceTrue: 227.469
tLSH: 0.000401863
tTrue: 0.019129
1300-near neighbours:
4004
7024
4745
4560
3165
1221
3505
144
9416
9946
5695
2828
5542
1496
1755
1744
5084
7744
2601
5731
1719
476
8677
3817
332
4995
5871
2236
1465
6389
5849
9618
2982
5079
2299
4686
8758
8030
2873
6188
1593
8356
3306
7607
2157
6961
7347
7277
1758
8975
6921
4209
3539
1213
3637
587
6762
9480
5584
5793
7874
1495
954
3308
7272
7572
1964
1029
2441
1729
8656
449
1382
1287
9656
3138
9440
1618
5509
7336
2159
2976
6592
6649
1716
6160
6152
1848
7396
580
5239
Query: 29
Nearest neighbour-1: 5511
distanceLSH: 271.809
distanceTrue: 224.86
Nearest neighbour-2: 5048
distanceLSH: 289.796
distanceTrue: 229.828
Nearest neighbour-3: 7549
distanceLSH: 306.967
distanceTrue: 230.378
Nearest neighbour-4: 6096
distanceLSH: 332.348
distanceTrue: 235.86
Nearest neighbour-5: 9951
distanceLSH: 353.696
distanceTrue: 235.932
tLSH: 0.000448863
tTrue: 0.01977
1300-near neighbours:
5511
5048
7549
6096
9951
4605
327
1289
8556
2230
5510
746
2135
1478
9386
9458
2093
4319
8927
4572
5334
4966
9798
9890
112
9464
6582
3644
2979
4756
8757
9321
5964
4993
2857
2857
5592
7415
6269
8019
2956
5521
3781
6223
7586
7798
4933
4407
4227
7567
8904
4334
6556
6694
6588
5668
7009
9787
8233
1867
7186
8322
1646
1545
8457
7221
5816
3473
6253
2414
1415
1713
8320
8027
783
4581
4180
2296
6078
2608
5309
1789
560
2496
5869
7828
3850
4380
2730
3380
4096
9098
2493
9279
670
Query: 30
Nearest neighbour-1: 8075
distanceLSH: 258.261
distanceTrue: 125.379
Nearest neighbour-2: 3924
distanceLSH: 282.317
distanceTrue: 167.821
Nearest neighbour-3: 1702
distanceLSH: 344.368
distanceTrue: 170.868
Nearest neighbour-4: 4965
distanceLSH: 387.509
distanceTrue: 184.09
Nearest neighbour-5: 1129
distanceLSH: 388.838
distanceTrue: 185.37
tLSH: 0.000436863
tTrue: 0.019381
1300-near neighbours:
8075
3924
1702
4965
1129
4630
4459
6107
3445
3064
5458
7100
3821
1924
6774
5851
8623
5981
1648
448
3092
7494
3487
4521
832
2248
9484
7497
9055
4261
5735
9740
1222
3038
2332
547
6222
776
2035
2425
6472
1283
2253
7802
3739
3040
3498
3606
3762
570
9991
9323
7300
6256
3540
2172
6252
4029
4320
6871
848
5929
8709
2694
8347
9303
9447
6894
9571
8164
4058
6211
9786
3592
1431
2016
3156
5801
7624
7293
1578
2544
9277
4420
9542
27
6093
5106
9533
2338
8955
81
9229
996
6459
7849
Query: 31
Nearest neighbour-1: 5366
distanceLSH: 310.235
distanceTrue: 265.377
Nearest neighbour-2: 4605
distanceLSH: 333.48
distanceTrue: 267.007
Nearest neighbour-3: 4726
distanceLSH: 336.629
distanceTrue: 272.206
Nearest neighbour-4: 3359
distanceLSH: 359.113
distanceTrue: 273.96
Nearest neighbour-5: 5298
distanceLSH: 362.304
distanceTrue: 275.342
tLSH: 0.000411863
tTrue: 0.018948
1300-near neighbours:
5366
4605
4726
3359
5298
1547
6867
2237
7050
2705
2422
9384
2877
5733
3194
7298
5718
1056
4500
5803
1568
4004
2529
5873
2298
7482
4736
6405
1003
5511
9182
9877
6050
9687
4519
224
8822
4745
5283
6606
5640
8660
6202
7063
3899
5053
7019
9204
5684
5141
2311
2384
7561
6395
5691
3084
1844
6443
747
6724
2576
4246
2820
1846
6651
6166
3897
1340
6486
3363
5444
1201
170
5308
8345
2251
1448
5564
2793
9936
2016
4039
5451
3226
3578
8478
613
1267
916
5423
2899
5657
2158
6686
6161
Query: 32
Nearest neighbour-1: 2297
distanceLSH: 323.561
distanceTrue: 109.192
Nearest neighbour-2: 9597
distanceLSH: 336.541
distanceTrue: 126.953
Nearest neighbour-3: 360
distanceLSH: 346.228
distanceTrue: 175.773
Nearest neighbour-4: 2981
distanceLSH: 360.357
distanceTrue: 231.651
Nearest neighbour-5: 8481
distanceLSH: 363.897
distanceTrue: 240.45
tLSH: 0.000413863
tTrue: 0.019152
1300-near neighbours:
2297
9597
360
2981
8481
7816
9415
591
3217
576
4835
636
5861
9247
2597
1838
9707
1873
8262
7262
4161
9729
6557
2234
5208
1224
9155
945
6215
274
5379
6950
2862
4929
4707
2996
1159
4588
5742
8552
5511
7858
5571
912
9699
3726
4919
9819
2171
8756
8565
7905
4708
4812
5219
4889
2225
9203
8755
6967
466
1741
4010
9123
5999
6564
3069
7034
3934
1775
4379
4265
419
3320
6210
3557
3318
44
1087
2639
3301
940
3849
3343
818
452
2975
1633
9664
38
5228
9985
4001
8499
84
4276
3512
8667
5672
9889
Query: 33
Nearest neighbour-1: 585
distanceLSH: 268.996
distanceTrue: 187.563
Nearest neighbour-2: 585
distanceLSH: 268.996
distanceTrue: 232.768
Nearest neighbour-3: 1179
distanceLSH: 340.226
distanceTrue: 236.244
Nearest neighbour-4: 181
distanceLSH: 353.528
distanceTrue: 246.605
Nearest neighbour-5: 5531
distanceLSH: 361.725
distanceTrue: 250.519
tLSH: 0.000452863
tTrue: 0.019044
1300-near neighbours:
585
585
1179
181
5531
4539
4083
1641
473
2834
3161
491
2086
66
7668
1978
9434
6309
8000
3306
8914
5751
9460
1946
4566
1551
5402
3691
6995
4278
6505
5248
6634
6990
8436
6504
4999
9351
5913
8609
9235
8726
5830
6012
4696
7103
4860
672
672
7091
9336
664
9866
5263
3684
6591
2606
1383
6650
7507
9132
4430
3162
3407
3784
7588
8654
9212
2543
9461
3042
8808
1052
8028
8754
3885
9380
8279
3285
5660
6721
9656
2701
4420
6516
Query: 34
Nearest neighbour-1: 639
distanceLSH: 373.348
distanceTrue: 328.279
Nearest neighbour-2: 3626
distanceLSH: 436.152
distanceTrue: 340.103
Nearest neighbour-3: 2716
distanceLSH: 448.244
distanceTrue: 348.505
Nearest neighbour-4: 2406
distanceLSH: 451.514
distanceTrue: 351.409
Nearest neighbour-5: 4051
distanceLSH: 453.814
distanceTrue: 353.065
tLSH: 0.000410863
tTrue: 0.01878
1300-near neighbours:
639
3626
2716
2406
4051
2740
7295
4442
383
8242
2149
2437
4644
1554
3250
5271
3997
8652
5277
5401
816
1704
7377
3655
5105
8621
5984
849
9917
171
345
2578
7521
9082
9928
9778
4117
7760
3429
2498
9881
9481
7959
8579
8579
604
4404
9413
4168
2132
45
9068
1171
406
6028
2366
9294
4589
6761
4959
600
596
4845
8277
6872
5342
1903
5968
8474
31
1233
2141
8785
7533
2253
6977
4908
811
1748
5033
6437
4971
7806
9485
6441
8055
4730
5594
6745
5544
3707
6372
8040
4830
Query: 35
Nearest neighbour-1: 1467
distanceLSH: 283.247
distanceTrue: 248.554
Nearest neighbour-2: 3051
distanceLSH: 295.381
distanceTrue: 262.463
Nearest neighbour-3: 1577
distanceLSH: 325.254
distanceTrue: 272.189
Nearest neighbour-4: 4828
distanceLSH: 325.759
distanceTrue: 274.829
Nearest neighbour-5: 7047
distanceLSH: 329.123
distanceTrue: 274.936
tLSH: 0.000435863
tTrue: 0.019079
1300-near neighbours:
1467
3051
1577
4828
7047
9864
9419
6379
6555
4408
8189
3377
715
3501
5738
7007
6718
6579
3601
6908
7519
5426
6596
3217
4490
9688
6741
1351
7754
7884
5593
8477
274
8714
6611
8186
9025
2988
7166
4769
6271
280
6109
7279
3106
1285
223
8200
5947
3801
8563
8591
9220
7046
5847
6904
7205
6132
7382
9353
4069
8163
2405
1598
3005
4775
408
6973
4136
1971
3813
9200
6037
5276
8769
9359
6708
1853
527
9750
3558
8162
6211
361
1738
1885
2792
3785
1835
9331
9235
2974
1552
6777
1934
3875
7162
2037
9679
3186
8479
9742
126
5810
6835
6834
468
6481
Query: 36
Nearest neighbour-1: 4200
distanceLSH: 328.755
distanceTrue: 120.975
Nearest neighbour-2: 8711
distanceLSH: 349.69
distanceTrue: 140.353
Nearest neighbour-3: 8749
distanceLSH: 351.091
distanceTrue: 179.597
Nearest neighbour-4: 3299
distanceLSH: 365.371
distanceTrue: 263.564
Nearest neighbour-5: 3793
distanceLSH: 376.647
distanceTrue: 288.083
tLSH: 0.000476862
tTrue: 0.018793
1300-near neighbours:
4200
8711
8749
3299
3793
2301
9222
2116
9715
9599
1251
2120
1211
2711
2530
1607
3296
3790
2310
9224
2055
4924
7425
2811
1095
1506
707
3879
7917
7231
5736
3735
5604
9858
8508
9084
5678
6711
439
8718
9236
8293
8594
8471
3652
9155
3524
6375
3374
6484
9381
3184
4084
9017
34
4974
9181
2669
1026
7028
7875
2592
7496
9616
3631
1104
8540
6319
1409
6323
2661
5914
4520
4952
5034
1172
6162
2859
6046
641
9708
6602
5613
5389
8599
8089
6172
5002
8076
5001
6561
1661
7399
6384
2897
5526
5439
1662
Query: 37
Nearest neighbour-1: 2845
distanceLSH: 326.509
distanceTrue: 111.459
Nearest neighbour-2: 9238
distanceLSH: 346.592
distanceTrue: 140.136
Nearest neighbour-3: 1203
distanceLSH: 371.724
distanceTrue: 159.909
Nearest neighbour-4: 5384
distanceLSH: 371.894
distanceTrue: 282.73
Nearest neighbour-5: 5728
distanceLSH: 372.261
distanceTrue: 284.761
tLSH: 0.000417863
tTrue: 0.021975
1300-near neighbours:
2845
9238
1203
5384
5728
9837
1522
1312
7426
1244
9671
331
1967
7524
3144
9613
4518
2675
835
2977
5038
826
3411
3834
9348
9348
6922
7173
7221
4815
5285
7576
7723
2666
7694
8637
1934
721
7107
8776
1632
2731
2373
7341
7322
4732
7057
7057
3576
2693
9340
9517
6549
832
8879
8592
3040
3015
2548
8404
7042
720
9698
6420
731
1305
7858
4774
2827
1376
4547
3358
456
3129
358
6603
2209
9058
1583
4953
6176
6343
7773
5922
2134
4259
366
4288
6332
4532
5946
620
3719
9528
5627
5225
9105
5382
8791
6907
Query: 38
Nearest neighbour-1: 7320
distanceLSH: 365.757
distanceTrue: 166.856
Nearest neighbour-2: 3268
distanceLSH: 387.754
distanceTrue: 247.869
Nearest neighbour-3: 8694
distanceLSH: 410.926
distanceTrue: 298.412
Nearest neighbour-4: 5753
distanceLSH: 415.613
distanceTrue: 302.374
Nearest neighbour-5: 5020
distanceLSH: 422.327
distanceTrue: 304.752
tLSH: 0.000454863
tTrue: 0.021897
1300-near neighbours:
7320
3268
8694
5753
5020
6624
1165
2173
839
6346
3692
3790
311
4193
9833
2452
3798
791
2856
3482
9664
8548
3936
8405
4026
6087
1476
6520
6083
672
5518
146
6945
9486
7825
7904
8926
8486
6190
9866
471
1829
3796
6762
8027
1758
4136
9012
4499
6572
7175
7952
9197
2584
7535
9704
9221
6948
6092
5697
2244
3465
4635
6091
6091
1501
9947
937
7876
9998
4574
3524
4212
5063
4790
6047
6368
8684
4500
1315
9031
9698
4539
4958
169
726
2704
9327
1531
7083
9314
7050
3282
4935
4713
1356
4803
205
5970
199
8633
4829
6343
2921
1602
8262
9997
5712
Query: 39
Nearest neighbour-1: 1377
distanceLSH: 355.234
distanceTrue: 156.359
Nearest neighbour-2: 7807
distanceLSH: 376.549
distanceTrue: 159.245
Nearest neighbour-3: 4473
distanceLSH: 380.408
distanceTrue: 162.034
Nearest neighbour-4: 1890
distanceLSH: 381.698
distanceTrue: 177.302
Nearest neighbour-5: 3468
distanceLSH: 396.403
distanceTrue: 214.532
tLSH: 0.000461863
tTrue: 0.018779
1300-near neighbours:
1377
7807
4473
1890
3468
2445
1015
2708
355
745
7050
4485
9880
357
7121
1179
5093
1845
9253
9103
426
9329
164
4152
5562
4300
1438
7347
5759
4532
1129
6854
6391
959
8927
7475
7602
4150
4340
7167
8707
3340
6126
5848
9011
3708
9451
2149
5192
8608
9281
7350
7435
8922
7623
2140
5020
3295
8644
2773
616
7203
7755
1524
193
4104
1086
748
3029
7235
3137
8056
2777
7557
7552
8221
9066
7470
6543
3283
9229
497
4515
3345
1096
3163
9263
7129
8307
6514
Query: 40
Nearest neighbour-1: 3623
distanceLSH: 264.724
distanceTrue: 193.977
Nearest neighbour-2: 9860
distanceLSH: 329.902
distanceTrue: 202.262
Nearest neighbour-3: 8055
distanceLSH: 335.307
distanceTrue: 207.538
Nearest neighbour-4: 8700
distanceLSH: 339.125
distanceTrue: 210.768
Nearest neighbour-5: 4961
distanceLSH: 343.587
distanceTrue: 210.789
tLSH: 0.000428863
tTrue: 0.018513
1300-near neighbours:
3623
9860
8055
8700
4961
1001
7788
544
2521
5862
2542
712
597
6401
8916
2994
592
3912
4268
7908
6558
5940
4794
3023
6448
6559
4660
4908
8177
548
4784
2341
4634
5320
5562
3769
8593
5008
1539
1570
1303
4255
8790
8121
4427
6803
7771
7916
3924
2384
6175
9088
8139
9057
9750
9112
1093
1762
7117
1644
9341
8354
8206
4053
2389
3874
5276
5189
2711
4413
1247
1118
1754
9981
8473
6186
6645
741
4008
7624
4112
9345
9429
3332
2447
2447
1241
2414
4257
1897
170
1627
4613
6687
5263
1687
6689
8157
989
1906
8736
9713
7686
5491
Query: 41
Nearest neighbour-1: 963
distanceLSH: 302.127
distanceTrue: 153.564
Nearest neighbour-2: 6350
distanceLSH: 333.97
distanceTrue: 185.373
Nearest neighbour-3: 2059
distanceLSH: 337.756
distanceTrue: 188.197
Nearest neighbour-4: 9956
distanceLSH: 355.298
distanceTrue: 193.938
Nearest neighbour-5: 3254
distanceLSH: 362.971
distanceTrue: 194.415
tLSH: 0.000410863
tTrue: 0.018578
1300-near neighbours:
963
6350
2059
9956
3254
1769
34
4352
3761
4664
4685
9357
878
61
5425
7680
1652
8880
4989
1138
5737
6528
1290
2985
32
3786
8916
4742
5777
6931
6135
7844
430
292
6824
4004
2032
9530
553
1191
7208
5312
5146
1593
3091
8903
5405
8000
9315
6049
8564
8121
6938
7615
4291
4327
9281
6880
3609
7371
3770
6809
8876
5223
2490
4367
4183
7306
598
9028
4838
2498
9012
4024
3788
2026
671
5857
2435
9776
668
390
9840
7991
1201
2041
429
5473
8994
1600
2636
8258
9909
9478
6631
Query: 42
Nearest neighbour-1: 6282
distanceLSH: 237.525
distanceTrue: 200.494
Nearest neighbour-2: 7340
distanceLSH: 250.583
distanceTrue: 202.667
Nearest neighbour-3: 4799
distanceLSH: 271.757
distanceTrue: 203.605
Nearest neighbour-4: 4257
distanceLSH: 283.732
distanceTrue: 206.649
Nearest neighbour-5: 9732
distanceLSH: 286.894
distanceTrue: 213.27
tLSH: 0.000472863
tTrue: 0.018519
1300-near neighbours:
6282
7340
4799
4257
9732
3220
6972
3838
508
9788
9823
6729
4125
7349
8438
3527
6970
1200
3427
365
997
9009
1784
7913
9928
3554
1765
466
1564
1072
4382
1775
804
3693
1242
8043
2384
9984
5506
5400
9151
6147
6178
9110
4021
3533
8355
8302
3083
3432
7
5412
290
8269
2979
8006
7442
4036
4258
2670
238
4277
4521
8576
6887
4316
6200
5125
5717
5219
4826
4109
2252
8879
9008
1172
4116
2222
4927
640
9245
9298
1639
4677
7454
6696
1362
7125
8566
1547
7805
1748
5862
6632
8175
7223
Query: 43
Nearest neighbour-1: 4463
distanceLSH: 350.069
distanceTrue: 236.772
Nearest neighbour-2: 6172
distanceLSH: 367.792
distanceTrue: 245.41
Nearest neighbour-3: 9986
distanceLSH: 382.952
distanceTrue: 247.911
Nearest neighbour-4: 5301
distanceLSH: 390.179
distanceTrue: 255.351
Nearest neighbour-5: 6384
distanceLSH: 397.502
distanceTrue: 258.844
tLSH: 0.000414863
tTrue: 0.018606
1300-near neighbours:
4463
6172
9986
5301
6384
4584
4779
2865
5651
4520
6871
4544
9602
8244
5711
5002
879
2243
6596
2133
4952
6877
2240
2669
3524
5948
4196
56
6344
9003
641
8286
7571
7939
3587
4204
7585
8569
6074
7875
1211
5914
8387
3879
8976
8976
7407
8969
8711
6225
2369
2530
5736
2242
2685
8718
361
7189
349
1255
5278
3536
8289
9925
2891
4425
9858
4429
2678
6800
8086
6962
4175
587
489
7800
3351
1417
2649
5671
9592
3103
772
1834
3678
6793
9733
707
9766
1944
8545
8456
8090
9712
3458
9168
671
7942
6971
7743
5920
Query: 44
Nearest neighbour-1: 880
distanceLSH: 326.98
distanceTrue: 165.339
Nearest neighbour-2: 5768
distanceLSH: 339.591
distanceTrue: 193.634
Nearest neighbour-3: 9590
distanceLSH: 339.818
distanceTrue: 272.384
Nearest neighbour-4: 3445
distanceLSH: 341.681
distanceTrue: 282.317
Nearest neighbour-5: 4478
distanceLSH: 345.161
distanceTrue: 283.058
tLSH: 0.000416863
tTrue: 0.018656
1300-near neighbours:
880
5768
9590
3445
4478
5627
9707
2633
2404
3188
8049
1398
4742
4114
296
1640
7268
894
9257
9013
9758
4715
2790
9870
1482
7950
3039
5833
7456
6786
1637
4791
6463
4750
1124
5836
7759
7054
4889
2803
5104
1002
1410
1653
1305
7481
3740
3161
8493
6471
5909
7654
6387
3879
2193
2860
9443
8718
2993
787
5574
5928
4019
9034
2665
3263
8235
8009
1974
8824
2112
2090
1162
2995
3243
5598
2755
3541
4294
4244
9213
9066
626
3697
402
1469
9543
618
1193
7601
6190
3588
7991
8002
5706
9583
5067
6575
Query: 45
Nearest neighbour-1: 6393
distanceLSH: 349.983
distanceTrue: 256.353
Nearest neighbour-2: 5115
distanceLSH: 356.105
distanceTrue: 257.08
Nearest neighbour-3: 7172
distanceLSH: 366.078
distanceTrue: 260.085
Nearest neighbour-4: 9857
distanceLSH: 371.506
distanceTrue: 260.615
Nearest neighbour-5: 2053
distanceLSH: 379.24
distanceTrue: 260.898
tLSH: 0.000439863
tTrue: 0.018695
1300-near neighbours:
6393
5115
7172
9857
2053
1627
7792
1581
2112
6001
7986
8995
2431
5310
4141
6012
3858
9808
9213
9680
2241
9678
2031
6419
3908
3170
3953
1854
397
5232
8970
9064
1717
5278
9228
518
1185
799
770
4853
5277
8951
6134
3092
3486
3330
4195
3730
3335
2833
2601
9320
8088
3404
251
5371
3049
706
7348
515
733
4369
8394
352
2769
1012
4979
5073
7409
4755
5455
6755
8977
6746
4682
3087
4358
7544
1726
8520
4681
Query: 46
Nearest neighbour-1: 8327
distanceLSH: 314.941
distanceTrue: 261.362
Nearest neighbour-2: 6343
distanceLSH: 329.962
distanceTrue: 265.663
Nearest neighbour-3: 6866
distanceLSH: 346.215
distanceTrue: 266.15
Nearest neighbour-4: 9619
distanceLSH: 353.296
distanceTrue: 269.401
Nearest neighbour-5: 705
distanceLSH: 362.835
distanceTrue: 271.199
tLSH: 0.000405863
tTrue: 0.018617
1300-near neighbours:
8327
6343
6866
9619
705
4813
7192
5397
731
1952
2809
5293
1178
2093
4453
5865
4774
9413
4284
4953
2121
8645
4916
5543
8287
2209
3093
1350
111
575
5055
1020
5382
5071
2984
6332
1583
6789
4532
6641
7602
5225
6756
3021
720
833
7097
8517
3040
2693
7064
7107
3442
8404
9348
6094
9815
5728
7951
2841
1728
5384
7361
4998
3125
1244
8480
4802
804
3878
7349
2722
7103
6935
7221
578
151
402
7723
4975
4724
1477
122
1168
7524
3411
3716
7043
721
7525
7341
1143
5988
7852
5270
4746
Query: 47
Nearest neighbour-1: 5347
distanceLSH: 256.248
distanceTrue: 99.6293
Nearest neighbour-2: 4921
distanceLSH: 309.315
distanceTrue: 215.715
Nearest neighbour-3: 560
distanceLSH: 311.739
distanceTrue: 224.007
Nearest neighbour-4: 9982
distanceLSH: 331.189
distanceTrue: 226.071
Nearest neighbour-5: 6208
distanceLSH: 335.069
distanceTrue: 234.141
tLSH: 0.000404863
tTrue: 0.018673
1300-near neighbours:
5347
4921
560
9982
6208
3629
5987
1113
2751
6594
4326
7651
302
1333
9912
3299
7185
1597
8775
687
836
7987
9486
9534
2888
5574
7620
7377
3057
7640
8347
3474
8701
1544
1647
669
3920
1760
1524
7012
714
6204
8568
5268
1410
7771
9366
6316
7996
1021
1977
6188
5671
9629
9689
1106
5416
4977
5649
5008
3001
11
7606
6939
8974
5778
1356
9818
1531
2537
5760
7529
9311
1399
6170
8816
6435
6618
7860
9618
9618
2482
6126
5479
3349
738
5427
4778
6362
9940
5577
7876
Query: 48
Nearest neighbour-1: 3535
distanceLSH: 380.001
distanceTrue: 294.394
Nearest neighbour-2: 8825
distanceLSH: 398.609
distanceTrue: 312.92
Nearest neighbour-3: 1532
distanceLSH: 402.573
distanceTrue: 314.474
Nearest neighbour-4: 412
distanceLSH: 409.999
distanceTrue: 321.33
Nearest neighbour-5: 588
distanceLSH: 413.087
distanceTrue: 324.14
tLSH: 0.000424863
tTrue: 0.018732
1300-near neighbours:
3535
8825
1532
412
588
2514
3754
2153
2572
3777
1027
4051
4379
123
4137
995
9544
3513
264
7781
843
9347
5599
7278
3612
999
5231
2509
5039
1778
4516
7831
3277
2206
4643
4263
7824
9999
69
9001
7237
6240
6474
6147
1686
4676
433
2712
4893
5125
3104
1671
8291
1580
4047
660
2432
2787
3028
1576
7932
6066
2196
3331
658
5613
514
3643
3191
5769
83
3352
1654
9115
414
4042
9142
9809
4835
2189
7109
4406
8445
2981
2258
6219
6218
4168
9385
5426
7118
5071
8055
9722
4005
8035
2829
8704
6290
8152
7607
5045
7766
Query: 49
Nearest neighbour-1: 1372
distanceLSH: 340.491
distanceTrue: 155.763
Nearest neighbour-2: 5251
distanceLSH: 374.322
distanceTrue: 215.634
Nearest neighbour-3: 3376
distanceLSH: 380.983
distanceTrue: 265.311
Nearest neighbour-4: 2197
distanceLSH: 381.725
distanceTrue: 275.193
Nearest neighbour-5: 1780
distanceLSH: 395.579
distanceTrue: 288.638
tLSH: 0.000457863
tTrue: 0.018573
1300-near neighbours:
1372
5251
3376
2197
1780
6553
381
6870
9943
6932
4348
6076
4755
1015
9549
6294
6824
2433
2208
1750
3523
8455
3912
3095
4310
9086
2017
4410
4318
5586
6260
9053
512
6271
6625
4186
9256
7728
2707
2939
9691
5401
7259
1228
4581
8069
1387
3067
3068
7640
6411
4076
2794
3422
8384
4823
1626
2756
8281
7809
8326
3041
536
303
1033
3135
4518
4143
5638
2495
1245
824
3143
564
9141
7132
2745
7293
1005
3267
1086
9632
9227
6790
9954
8344
5375
2648
1680
8056
671
6693
Query: 50
Nearest neighbour-1: 4795
distanceLSH: 267.739
distanceTrue: 128.783
Nearest neighbour-2: 4830
distanceLSH: 276.89
distanceTrue: 172.398
Nearest neighbour-3: 2258
distanceLSH: 302.917
distanceTrue: 215.016
Nearest neighbour-4: 4727
distanceLSH: 314.908
distanceTrue: 217.17
Nearest neighbour-5: 6448
distanceLSH: 319.994
distanceTrue: 219.784
tLSH: 0.000425863
tTrue: 0.018714
1300-near neighbours:
4795
4830
2258
4727
6448
180
5432
5785
2253
7040
5008
1735
3769
7850
890
5711
8040
8916
4634
7921
5415
8264
8785
8959
6584
2662
7908
3802
6363
3463
459
5485
9342
6622
3847
8474
2521
8112
246
6169
8121
8517
7875
7932
4867
4965
6299
8470
7502
1644
8621
8736
7275
2806
3215
6186
7959
5105
3315
9853
8607
2801
4442
7978
8608
8423
5277
789
281
4984
741
6668
1868
9169
5421
2164
6761
6761
9591
4518
3250
2176
5984
4775
7962
3429
1449
211
7069
186
6660
9923
5545
2740
Query: 51
Nearest neighbour-1: 9708
distanceLSH: 371.828
distanceTrue: 181.141
Nearest neighbour-2: 6024
distanceLSH: 387.809
distanceTrue: 199.605
Nearest neighbour-3: 1845
distanceLSH: 390.445
distanceTrue: 219.816
Nearest neighbour-4: 7965
distanceLSH: 390.611
distanceTrue: 256.591
Nearest neighbour-5: 1452
distanceLSH: 407.063
distanceTrue: 267.159
tLSH: 0.000413863
tTrue: 0.0188
1300-near neighbours:
9708
6024
1845
7965
1452
5145
4093
9530
2595
3054
492
5769
3963
1488
19
815
3643
4778
821
18
6181
5956
4537
559
9244
7118
2956
104
5482
3341
8172
1290
6681
8703
3457
3845
798
3946
5941
7382
7428
3821
9881
4927
1883
9147
1305
7967
7364
366
8906
2103
6075
4322
9326
5367
6809
2762
9065
1175
8139
493
2411
3685
3968
1841
6922
2089
5927
7576
8366
8279
4147
9341
8847
7233
2589
4869
8559
5315
8206
3969
9639
9750
4129
5060
5060
4443
3483
9631
8601
9658
721
2128
8918
3186
7985
7958
6297
8533
Query: 52
Nearest neighbour-1: 9914
distanceLSH: 296.203
distanceTrue: 130.813
Nearest neighbour-2: 6441
distanceLSH: 313.316
distanceTrue: 200.4
Nearest neighbour-3: 6745
distanceLSH: 314.011
distanceTrue: 219.825
Nearest neighbour-4: 4460
distanceLSH: 331.858
distanceTrue: 248.328
Nearest neighbour-5: 3818
distanceLSH: 335.295
distanceTrue: 254.124
tLSH: 0.000476862
tTrue: 0.02292
1300-near neighbours:
9914
6441
6745
4460
3818
9485
31
22
5055
5594
7140
4767
1809
961
5062
2787
8802
2256
2256
1569
4106
901
9983
7816
5413
3503
3278
5879
4701
3493
549
5028
5776
2396
6872
1395
4959
9154
5711
345
8299
6468
9683
7062
8579
414
6029
2165
2031
9881
3168
2382
3329
3611
3653
8059
9190
3655
3695
3541
1763
1784
1103
5924
9283
7132
8513
8242
4015
403
1053
6338
8969
4425
9695
8537
4869
4810
4644
8023
1704
6860
2409
3799
4242
3200
7836
9067
9230
4136
5968
9676
8014
45
8616
6712
4564
9193
Query: 53
Nearest neighbour-1: 61
distanceLSH: 257.171
distanceTrue: 198.776
Nearest neighbour-2: 9960
distanceLSH: 306.206
distanceTrue: 220.749
Nearest neighbour-3: 5340
distanceLSH: 307.974
distanceTrue: 221.671
Nearest neighbour-4: 3666
distanceLSH: 315.59
distanceTrue: 225.717
Nearest neighbour-5: 1903
distanceLSH: 323.447
distanceTrue: 227.075
tLSH: 0.000433863
tTrue: 0.021797
1300-near neighbours:
61
9960
5340
3666
1903
336
4561
9728
5312
690
6488
7592
8264
120
4752
3769
144
5287
1731
778
5387
760
1549
1913
2010
4882
9407
292
6771
9187
1750
4708
2632
8068
2511
9321
4814
213
4229
648
1042
1253
8000
2948
7219
2712
9110
4087
8598
2854
3341
5963
3665
8026
7823
2795
627
3615
5752
4153
4060
3859
2946
2287
8492
2293
6636
5081
9179
999
9227
9680
7446
431
3365
7460
1070
3541
9130
401
8706
3634
5119
7151
3716
7349
949
8604
6857
5831
489
7235
540
9732
1906
3197
98
4938
7250
3947
9264
2690
6333
6515
2004
5968
9226
Query: 54
Nearest neighbour-1: 6883
distanceLSH: 297.035
distanceTrue: 194.178
Nearest neighbour-2: 9910
distanceLSH: 298.92
distanceTrue: 227.82
Nearest neighbour-3: 4979
distanceLSH: 310.121
distanceTrue: 233.122
Nearest neighbour-4: 78
distanceLSH: 339.313
distanceTrue: 241.149
Nearest neighbour-5: 7344
distanceLSH: 339.314
distanceTrue: 251.529
tLSH: 0.000417863
tTrue: 0.018842
1300-near neighbours:
6883
9910
4979
78
7344
1781
2804
8502
5795
1154
1640
559
9014
880
9980
9266
7801
4458
2121
9846
4509
3278
206
3314
8058
8588
6425
575
3708
2858
4206
927
3987
5961
5328
1560
4084
4678
3623
7143
7876
6240
4749
6047
6981
7324
6148
7393
3111
8711
6807
8702
8387
8817
2273
6941
4696
9741
2515
3300
3228
1737
5324
1552
3813
1711
4159
3126
584
6967
9651
2674
3157
9777
7030
9141
3342
2045
5308
6591
4037
2203
2278
329
9783
646
1236
2771
8242
812
3394
7267
9083
734
2219
9344
9867
9836
7067
6229
5566
4524
5932
Query: 55
Nearest neighbour-1: 7285
distanceLSH: 196.792
distanceTrue: 159.308
Nearest neighbour-2: 5447
distanceLSH: 299.857
distanceTrue: 164.241
Nearest neighbour-3: 7988
distanceLSH: 341.193
distanceTrue: 164.627
Nearest neighbour-4: 3496
distanceLSH: 348.753
distanceTrue: 164.785
Nearest neighbour-5: 2976
distanceLSH: 352.765
distanceTrue: 166.631
tLSH: 0.000473863
tTrue: 0.019314
1300-near neighbours:
7285
5447
7988
3496
2976
1273
7334
3915
7318
1941
487
1983
1566
1679
1288
4251
2764
9082
301
6185
4629
9128
5188
9471
5590
9083
8621
23
735
8749
5983
2293
478
200
3025
3983
5394
7353
7916
2153
560
2097
99
4194
376
1035
6647
7142
6821
7547
5253
8333
1630
8759
8966
184
6044
6795
6964
325
8733
4036
4027
3323
2612
7580
7329
4227
4882
3161
4973
9789
6259
7413
6504
4267
6131
2422
67
4506
4311
8503
5283
4614
7982
1301
4795
6088
2460
6944
8054
4621
1893
4828
5977
7425
5213
9708
4625
Query: 56
Nearest neighbour-1: 6000
distanceLSH: 212.17
distanceTrue: 184.043
Nearest neighbour-2: 4772
distanceLSH: 311.063
distanceTrue: 197.474
Nearest neighbour-3: 5753
distanceLSH: 313.144
distanceTrue: 197.914
Nearest neighbour-4: 1553
distanceLSH: 315.289
distanceTrue: 207.81
Nearest neighbour-5: 603
distanceLSH: 390.78
distanceTrue: 212.17
tLSH: 0.000388863
tTrue: 0.019049
1300-near neighbours:
6000
4772
5753
1553
603
4010
3529
5447
239
8754
9840
8654
9782
1028
7888
7992
2455
2533
4242
1052
3002
9212
4264
7012
4733
3429
1665
1401
9690
1520
9656
3991
1380
7540
1091
6945
8401
1139
6476
6504
2365
9235
9740
8726
6291
9351
6587
7055
5438
5248
5371
3792
66
8665
8671
8363
9900
5976
4475
1582
4840
4970
6342
181
215
2086
8262
7118
2708
9252
5365
9299
7059
4954
5415
4196
1483
7950
9518
1080
3691
5908
6351
473
8722
675
9483
8256
8554
Query: 57
Nearest neighbour-1: 6684
distanceLSH: 241.27
distanceTrue: 190.735
Nearest neighbour-2: 4794
distanceLSH: 245.603
distanceTrue: 209.062
Nearest neighbour-3: 6501
distanceLSH: 258.907
distanceTrue: 210.713
Nearest neighbour-4: 5207
distanceLSH: 272.927
distanceTrue: 210.794
Nearest neighbour-5: 9601
distanceLSH: 286.098
distanceTrue: 211.606
tLSH: 0.000408863
tTrue: 0.018951
1300-near neighbours:
6684
4794
6501
5207
9601
2829
4890
6024
766
360
2059
6866
8762
6521
964
3434
2511
4884
7
427
5179
8377
2335
459
2341
5343
234
6786
5458
3860
8815
3233
7598
8911
5964
3631
6715
1642
8051
7794
3742
2378
5296
802
7149
8152
9973
3089
2087
2898
6450
3017
835
1765
3515
4336
1714
569
3945
4119
7433
7591
5782
800
6531
8162
9452
5686
8446
5723
5601
1684
3609
4448
3234
1519
3393
7777
9824
1998
2271
7703
7151
7536
8165
1470
7368
9794
8238
3720
5618
8543
3908
3971
151
6334
7558
Query: 58
Nearest neighbour-1: 3688
distanceLSH: 263.831
distanceTrue: 167.147
Nearest neighbour-2: 9901
distanceLSH: 266.182
distanceTrue: 211.688
Nearest neighbour-3: 4923
distanceLSH: 306.446
distanceTrue: 220.518
Nearest neighbour-4: 4254
distanceLSH: 307.998
distanceTrue: 227.295
Nearest neighbour-5: 611
distanceLSH: 318.47
distanceTrue: 237.71
tLSH: 0.000465863
tTrue: 0.019101
1300-near neighbours:
3688
9901
4923
4254
611
260
1497
1341
3783
949
1664
9371
6287
5395
2061
3412
1323
7704
6794
328
8962
8813
2718
6775
1840
4247
8464
5829
6228
6998
2602
8617
3441
2685
1921
6850
5038
8204
5232
2969
8754
9656
1635
8611
9132
9423
8587
7333
7037
711
4974
6886
2021
8920
4914
8885
1799
8527
2390
8365
9896
442
891
8112
7495
3385
8882
6822
1556
162
7974
5148
648
5230
963
872
3509
637
1277
7580
1958
1905
8662
689
1014
4268
8802
1821
6784
6453
4510
474
80
5880
Query: 59
Nearest neighbour-1: 6354
distanceLSH: 348.612
distanceTrue: 65.7419
Nearest neighbour-2: 1623
distanceLSH: 399.645
distanceTrue: 281.768
Nearest neighbour-3: 2299
distanceLSH: 410.113
distanceTrue: 302.607
Nearest neighbour-4: 6389
distanceLSH: 415.746
distanceTrue: 316.142
Nearest neighbour-5: 6108
distanceLSH: 415.858
distanceTrue: 319.786
tLSH: 0.000400863
tTrue: 0.019542
1300-near neighbours:
6354
1623
2299
6389
6108
75
8381
8875
9792
3981
9523
7643
3479
9334
4711
5337
4586
7910
2035
73
7049
5083
8136
3732
6740
8564
5898
5925
8343
6373
7467
6596
1222
6498
7798
542
4852
5507
2554
6027
2929
9350
8013
4894
9636
4183
8835
8207
6337
2494
9050
9852
3591
194
2163
7275
1086
2198
6533
9159
3829
6199
2369
5727
6843
9260
5671
883
8143
6245
421
1559
4416
6810
6810
3903
1434
1231
9179
1319
9550
450
9328
9176
9403
6593
5604
Query: 60
Nearest neighbour-1: 9969
distanceLSH: 312.448
distanceTrue: 114.416
Nearest neighbour-2: 4139
distanceLSH: 397.783
distanceTrue: 117.149
Nearest neighbour-3: 316
distanceLSH: 400.843
distanceTrue: 125.18
Nearest neighbour-4: 8773
distanceLSH: 406.769
distanceTrue: 140.182
Nearest neighbour-5: 1751
distanceLSH: 422.664
distanceTrue: 140.46
tLSH: 0.000382863
tTrue: 0.020907
1300-near neighbours:
9969
4139
316
8773
1751
6535
311
2020
3362
2321
543
9573
2925
2447
4146
741
4050
7770
8887
805
9899
661
3953
2617
1895
8296
7572
8114
2000
4034
1975
1318
6427
6708
7743
1647
7584
3003
9764
5067
6064
9888
6661
1397
8329
6477
6889
499
809
8771
1411
5887
434
5398
7004
7782
4349
1264
2404
6133
6048
6235
32
5413
8651
5903
1682
3045
9820
4283
5731
374
4663
7497
5650
4274
8760
5950
6806
5479
5338
Query: 61
Nearest neighbour-1: 4491
distanceLSH: 265.339
distanceTrue: 170.309
Nearest neighbour-2: 4717
distanceLSH: 331.769
distanceTrue: 264.023
Nearest neighbour-3: 7483
distanceLSH: 338.909
distanceTrue: 265.339
Nearest neighbour-4: 4664
distanceLSH: 350.004
distanceTrue: 268.351
Nearest neighbour-5: 7345
distanceLSH: 357.663
distanceTrue: 270.629
tLSH: 0.000377863
tTrue: 0.023198
1300-near neighbours:
4491
4717
7483
4664
7345
1734
3525
5820
5862
8079
5625
190
5945
8815
5148
986
9046
5804
8581
2013
8327
1090
7401
6180
3055
9513
395
5560
7429
4757
4474
6549
9993
2819
2083
4867
2921
4083
4666
7885
9035
8370
6695
8820
6587
2798
2526
6115
8369
1162
6819
2494
3540
9614
9262
4370
2080
2629
6345
8278
7490
9180
9022
4174
5608
9811
9935
3909
495
1607
2477
281
5693
220
9277
8351
7080
7693
9149
6474
Query: 62
Nearest neighbour-1: 6755
distanceLSH: 366.785
distanceTrue: 140.357
Nearest neighbour-2: 411
distanceLSH: 376.116
distanceTrue: 151.993
Nearest neighbour-3: 4837
distanceLSH: 382.065
distanceTrue: 242.295
Nearest neighbour-4: 5229
distanceLSH: 386.184
distanceTrue: 249.189
Nearest neighbour-5: 9061
distanceLSH: 387.442
distanceTrue: 249.796
tLSH: 0.000444863
tTrue: 0.019373
1300-near neighbours:
6755
411
4837
5229
9061
4959
5964
6096
8927
3439
952
30
7025
4461
1107
1671
6703
1484
8171
3312
6507
2093
709
9723
4605
4152
5435
9203
1500
589
5379
4227
5422
1015
2032
2523
366
2620
8291
6644
1426
2857
4576
8103
473
3648
4018
4127
7567
7169
4933
3889
8315
3880
5744
4551
2503
8457
2104
2045
9225
493
9614
8211
4035
8320
9898
4373
4286
8526
8108
9273
1738
6213
1853
2296
147
9492
2923
4007
2064
9575
9480
6659
Query: 63
Nearest neighbour-1: 7964
distanceLSH: 244.34
distanceTrue: 131.651
Nearest neighbour-2: 8975
distanceLSH: 302.248
distanceTrue: 182.058
Nearest neighbour-3: 8020
distanceLSH: 361.531
distanceTrue: 193.22
Nearest neighbour-4: 1181
distanceLSH: 374.409
distanceTrue: 203.58
Nearest neighbour-5: 5171
distanceLSH: 376.283
distanceTrue: 207.017
tLSH: 0.000436863
tTrue: 0.023258
1300-near neighbours:
7964
8975
8020
1181
5171
7921
7772
1279
396
1360
3703
577
7938
5594
785
7303
5019
2486
6311
895
8033
5438
4977
7871
3764
2862
4842
2917
5730
4768
5158
9446
5482
8037
4793
2011
9773
6642
5004
896
1180
1366
728
6380
7288
7143
6482
8250
754
4066
933
6407
2729
1576
5750
5119
6991
1379
1606
2164
4488
2321
1931
4299
6869
700
9736
707
239
6092
7561
110
7894
1869
1533
2706
6132
7969
5115
42
1318
36
7357
6002
9543
1608
173
1458
4141
6775
471
6318
9554
8351
329
2531
6220
2410
1313
638
6183
1710
1471
5662
4724
451
7917
7069
69
Query: 64
Nearest neighbour-1: 5762
distanceLSH: 275.149
distanceTrue: 94.9158
Nearest neighbour-2: 597
distanceLSH: 304.37
distanceTrue: 124.226
Nearest neighbour-3: 4900
distanceLSH: 312.144
distanceTrue: 133.503
Nearest neighbour-4: 7421
distanceLSH: 322.147
distanceTrue: 152.417
Nearest neighbour-5: 2892
distanceLSH: 331.81
distanceTrue: 207.767
tLSH: 0.000387863
tTrue: 0.025481
1300-near neighbours:
5762
597
4900
7421
2892
1501
3271
5803
706
5052
3823
8903
8078
3599
5485
1359
9430
753
4585
2981
5946
4996
7854
2143
3648
3805
325
896
9774
2864
8784
8349
6108
3419
7355
3585
5888
5134
3489
8354
7537
6019
6468
4912
1647
5640
2345
6149
5384
6139
453
7735
2817
9219
1316
5186
696
2843
4244
944
5421
8750
8688
7718
3150
7209
1709
311
3082
1184
4450
9653
3909
8164
6936
7684
1538
2784
5679
9636
451
469
9680
4860
4723
9937
Query: 65
Nearest neighbour-1: 7933
distanceLSH: 346.863
distanceTrue: 138.275
Nearest neighbour-2: 1198
distanceLSH: 366.385
distanceTrue: 226.824
Nearest neighbour-3: 5484
distanceLSH: 384.176
distanceTrue: 240.697
Nearest neighbour-4: 8020
distanceLSH: 393.552
distanceTrue: 243.963
Nearest neighbour-5: 3031
distanceLSH: 410.835
distanceTrue: 247.39
tLSH: 0.000540862
tTrue: 0.027867
1300-near neighbours:
7933
1198
5484
8020
3031
9006
6566
2708
8829
3271
7829
9821
6332
9421
1115
6463
6180
1010
1424
3960
7594
7845
4288
2549
8003
8794
5026
5586
5187
208
5568
6133
1747
4350
2915
6341
8919
2812
4634
2368
344
6016
3800
5504
9068
3668
2469
5615
6616
3539
2945
3388
7256
8084
2313
6176
6358
2319
7524
4142
8400
8527
1140
471
2925
245
8652
1212
8379
5156
100
3230
9600
6406
7869
3401
4290
2718
7978
674
9204
4289
6730
4748
9779
7313
2936
7855
Query: 66
Nearest neighbour-1: 6023
distanceLSH: 224.194
distanceTrue: 173.381
Nearest neighbour-2: 2338
distanceLSH: 251.724
distanceTrue: 219.861
Nearest neighbour-3: 4178
distanceLSH: 267.653
distanceTrue: 224.194
Nearest neighbour-4: 8669
distanceLSH: 318.642
distanceTrue: 233.009
Nearest neighbour-5: 7613
distanceLSH: 319.841
distanceTrue: 234.47
tLSH: 0.000435863
tTrue: 0.029837
1300-near neighbours:
6023
2338
4178
8669
7613
1111
1778
1194
7271
4129
2852
9814
2716
1326
9347
8430
1069
6313
9807
4120
8280
8954
4133
7163
5277
9666
3299
2924
4379
1625
8731
4137
7377
8850
8317
2000
8851
3481
2169
3622
9218
2631
3612
4276
8962
8157
1027
4517
2509
3488
8952
7721
3415
6147
4643
4389
8729
4047
825
2432
8358
648
3253
5301
6826
5125
1576
8820
5071
4168
6218
1207
597
1138
908
8470
6741
6408
4309
2211
1582
9895
1076
9998
7261
7701
2832
2327
8603
9657
7829
4406
9531
9809
2980
9818
7642
3965
1301
3191
2818
9385
3074
8130
6201
9499
5526
9474
4916
1893
7463
8636
6823
Query: 67
Nearest neighbour-1: 1766
distanceLSH: 299.838
distanceTrue: 200.866
Nearest neighbour-2: 6727
distanceLSH: 340.792
distanceTrue: 225.699
Nearest neighbour-3: 6824
distanceLSH: 379.85
distanceTrue: 230.048
Nearest neighbour-4: 6747
distanceLSH: 380.145
distanceTrue: 241.448
Nearest neighbour-5: 8812
distanceLSH: 398.365
distanceTrue: 247.917
tLSH: 0.000430863
tTrue: 0.025905
1300-near neighbours:
1766
6727
6824
6747
8812
7208
2208
1226
5859
2147
1568
1641
6143
9287
553
4771
3598
7981
4982
6417
1960
3805
4871
2787
1259
9763
5589
5166
4107
4989
3761
4352
500
5322
4589
2998
6839
4093
2460
5164
5790
8121
1820
5312
430
1021
3254
7418
2961
2896
4761
7214
9443
4291
4291
4291
7006
6192
6797
6116
5724
3788
4183
3290
3857
5569
4129
3079
2840
5252
8994
9750
7600
1200
3270
3752
7774
5223
8793
9684
8752
4357
3187
7462
820
9593
2348
6900
8487
5708
8158
668
2036
7648
2636
611
1684
9776
1579
2436
3402
3156
5429
4367
8616
2409
8653
8970
9843
210
1201
2026
Query: 68
Nearest neighbour-1: 8669
distanceLSH: 296.155
distanceTrue: 224.225
Nearest neighbour-2: 2070
distanceLSH: 342.25
distanceTrue: 244.238
Nearest neighbour-3: 8817
distanceLSH: 355.396
distanceTrue: 251.036
Nearest neighbour-4: 3613
distanceLSH: 356.313
distanceTrue: 253.379
Nearest neighbour-5: 7439
distanceLSH: 359.571
distanceTrue: 260.225
tLSH: 0.000461863
tTrue: 0.023495
1300-near neighbours:
8669
2070
8817
3613
7439
3166
8676
3368
9705
5631
3242
4097
6592
5877
3357
1825
3998
2990
8582
1544
9630
8755
9443
1032
5590
5983
3582
7198
6114
4375
1300
1664
1445
1816
9511
4272
3382
8715
2364
6125
6072
1044
9099
3420
6699
8555
2827
2153
2967
5680
6647
3907
1630
1662
7579
8375
5183
8345
3047
7113
3421
3468
4308
5391
476
9346
4353
7522
8761
4903
889
2682
5855
3469
4704
3479
457
936
5977
1570
4916
8380
7165
5233
5467
4625
8376
5076
3939
7481
4632
4632
Query: 69
Nearest neighbour-1: 7006
distanceLSH: 297.437
distanceTrue: 201.311
Nearest neighbour-2: 4875
distanceLSH: 310.567
distanceTrue: 201.336
Nearest neighbour-3: 327
distanceLSH: 335.304
distanceTrue: 202.771
Nearest neighbour-4: 4836
distanceLSH: 351.061
distanceTrue: 203.18
Nearest neighbour-5: 2594
distanceLSH: 352.837
distanceTrue: 206.894
tLSH: 0.000368863
tTrue: 0.023247
1300-near neighbours:
7006
4875
327
4836
2594
7981
2875
1836
4623
1641
4777
8003
5504
5568
7125
3800
344
1443
9259
5083
8921
9561
2819
9758
7292
7790
6976
2368
6324
1879
6259
5187
28
8333
298
8106
3257
2950
1953
9944
4892
9221
5484
3768
5951
7416
297
8198
8226
9227
1205
7299
5727
2733
664
7535
617
1776
8427
8692
9163
2794
9542
2036
8652
2718
3971
3865
606
505
5348
5692
2744
9779
8074
6161
8666
5181
9515
6070
Query: 70
Nearest neighbour-1: 492
distanceLSH: 336.046
distanceTrue: 266.813
Nearest neighbour-2: 2512
distanceLSH: 355.425
distanceTrue: 268.537
Nearest neighbour-3: 3339
distanceLSH: 363.743
distanceTrue: 276.109
Nearest neighbour-4: 8550
distanceLSH: 371.436
distanceTrue: 276.219
Nearest neighbour-5: 1562
distanceLSH: 375.397
distanceTrue: 283.87
tLSH: 0.000419863
tTrue: 0.018626
1300-near neighbours:
492
2512
3339
8550
1562
9820
2146
4587
5083
9
6635
4886
2011
72
290
5438
8771
6815
4731
1612
427
5179
4288
5551
1298
7522
4077
5371
594
5492
3690
7948
8682
4032
6951
3389
5469
8923
7498
652
2987
7484
3038
9155
6617
7668
7033
7332
6290
7156
5254
7882
1652
7369
4327
8328
5313
3398
9075
2345
7290
6968
1175
2760
2739
3234
1854
341
7106
1327
2540
9475
1989
676
4860
3628
2203
7283
680
4218
5793
8620
3430
9830
5518
6459
6540
851
7080
7119
6829
8857
6039
7627
6721
Query: 71
Nearest neighbour-1: 879
distanceLSH: 289.341
distanceTrue: 46.8188
Nearest neighbour-2: 7905
distanceLSH: 331.465
distanceTrue: 80.3679
Nearest neighbour-3: 7458
distanceLSH: 346.614
distanceTrue: 100.772
Nearest neighbour-4: 7785
distanceLSH: 349.756
distanceTrue: 112.049
Nearest neighbour-5: 9327
distanceLSH: 361.671
distanceTrue: 132.28
tLSH: 0.000521862
tTrue: 0.018463
1300-near neighbours:
879
7905
7458
7785
9327
1909
2244
4213
5848
1437
334
2284
8562
2956
2708
6546
2913
6772
7429
1961
4121
3964
5260
5047
4768
3373
4885
2660
8474
2226
5167
3282
3338
1539
5365
3805
1343
3053
9031
2541
1828
8145
3091
2753
6323
4574
3077
8054
5458
1285
9437
3865
4632
7259
5753
5808
7900
7559
4297
3579
6855
3100
9331
6902
4193
1142
8524
2777
2867
9486
8548
7370
2900
3684
3438
3692
3796
9866
2169
615
885
5518
3098
4136
9970
839
6082
5292
9449
2528
9747
9607
2776
6865
7334
9630
6650
Query: 72
Nearest neighbour-1: 3771
distanceLSH: 348.359
distanceTrue: 193.675
Nearest neighbour-2: 6883
distanceLSH: 351.068
distanceTrue: 205.701
Nearest neighbour-3: 4226
distanceLSH: 366.826
distanceTrue: 222.8
Nearest neighbour-4: 8765
distanceLSH: 375.227
distanceTrue: 252.331
Nearest neighbour-5: 2620
distanceLSH: 400.13
distanceTrue: 253.369
tLSH: 0.000378863
tTrue: 0.018816
1300-near neighbours:
3771
6883
4226
8765
2620
17
8052
515
3631
1622
5912
3964
8794
9266
3464
4471
4497
7400
767
4979
4080
1658
5587
5838
4709
2668
5961
7324
143
3848
966
653
9945
4928
7567
7895
927
3824
1811
2713
3632
1882
8482
6186
7335
9121
7871
8817
7519
3111
1485
4762
8702
3258
3623
7419
3688
2572
3078
8929
3228
1711
4619
5359
137
3342
9867
9622
2844
9836
9022
340
5081
5984
9016
1950
2045
3837
5693
5845
942
4524
1371
8193
3234
Query: 73
Nearest neighbour-1: 55
distanceLSH: 373.008
distanceTrue: 303.211
Nearest neighbour-2: 890
distanceLSH: 373.783
distanceTrue: 320.128
Nearest neighbour-3: 4819
distanceLSH: 379.365
distanceTrue: 320.729
Nearest neighbour-4: 2847
distanceLSH: 384.431
distanceTrue: 322.633
Nearest neighbour-5: 4509
distanceLSH: 387.787
distanceTrue: 322.723
tLSH: 0.000411863
tTrue: 0.018668
1300-near neighbours:
55
890
4819
2847
4509
1078
4540
4339
5977
1592
5087
4395
8223
4791
855
2422
9872
4504
9299
2326
3216
8649
3509
5357
5321
5964
3261
4950
1570
2217
2185
7817
5281
2014
9718
1007
8257
6063
3845
5670
5897
7716
7811
4425
7533
5895
7622
2507
2261
3714
8248
1058
8494
6770
5700
3305
940
2719
5348
3944
2202
7315
2104
9566
6845
2733
3883
3492
3888
8546
6443
631
713
7629
9675
4650
3923
6946
1045
7092
1774
1455
1065
625
540
5443
883
9099
6636
3738
1938
3020
1335
7251
5410
9778
1347
5319
49
8070
Query: 74
Nearest neighbour-1: 6118
distanceLSH: 382.739
distanceTrue: 230.458
Nearest neighbour-2: 5484
distanceLSH: 385.712
distanceTrue: 289.491
Nearest neighbour-3: 1377
distanceLSH: 391.366
distanceTrue: 289.595
Nearest neighbour-4: 7121
distanceLSH: 411.35
distanceTrue: 291.89
Nearest neighbour-5: 1146
distanceLSH: 412.258
distanceTrue: 295.586
tLSH: 0.000478863
tTrue: 0.018553
1300-near neighbours:
6118
5484
1377
7121
1146
224
2225
1270
8288
1015
701
8244
1838
3497
1276
5172
5516
7581
5093
7262
9570
242
3479
2873
8481
7912
2086
9547
7807
6899
2829
2660
9939
1172
3433
7324
1730
5979
9103
6852
4817
5370
5534
5639
9078
3987
6578
4833
4489
6583
3924
2735
530
8073
7760
3231
9321
8256
2959
8660
3899
3715
3616
4249
4232
3024
8043
3056
487
6770
5686
1363
2499
8045
6002
1382
1990
8345
122
9205
3153
990
6623
949
6189
4113
2108
5292
5192
7203
6178
3297
1968
9098
3875
3345
8224
6094
2066
5923
8107
4428
8281
6574
8221
Query: 75
Nearest neighbour-1: 4478
distanceLSH: 276.568
distanceTrue: 131.095
Nearest neighbour-2: 5904
distanceLSH: 289.458
distanceTrue: 220.02
Nearest neighbour-3: 595
distanceLSH: 302.382
distanceTrue: 220.504
Nearest neighbour-4: 5303
distanceLSH: 304.55
distanceTrue: 222.187
Nearest neighbour-5: 5760
distanceLSH: 308.355
distanceTrue: 223.598
tLSH: 0.000401863
tTrue: 0.020087
1300-near neighbours:
4478
5904
595
5303
5760
1010
575
1178
5769
1671
715
619
4305
8502
9952
3330
5940
9722
8704
9144
9891
633
8006
4440
7237
3129
2787
5012
6997
8911
2955
4042
3352
7308
1732
6598
6066
3782
6716
4718
9142
3937
1721
8332
9298
6349
7004
9220
6028
3643
8178
3800
8088
9018
6922
9354
999
3398
7276
5081
2686
9348
1796
983
3063
4138
1532
5384
1053
4022
1894
9213
9795
3391
6496
2153
761
412
3971
5623
1310
401
7271
7703
8360
1686
1778
7021
4825
1937
7043
3443
995
5892
131
6638
9827
Query: 76
Nearest neighbour-1: 8943
distanceLSH: 362.513
distanceTrue: 212.061
Nearest neighbour-2: 9209
distanceLSH: 373.363
distanceTrue: 254.769
Nearest neighbour-3: 1629
distanceLSH: 398.929
distanceTrue: 294.258
Nearest neighbour-4: 4974
distanceLSH: 408.103
distanceTrue: 297.792
Nearest neighbour-5: 5904
distanceLSH: 415.667
distanceTrue: 299.314
tLSH: 0.000404863
tTrue: 0.021203
1300-near neighbours:
8943
9209
1629
4974
5904
633
2126
6227
575
767
1836
3330
4711
1905
4464
8062
5593
243
9518
1556
1067
7480
5369
8088
2768
5047
9397
8802
5619
2599
4969
336
8112
4718
4700
6744
5230
474
619
9298
4303
6002
7875
648
1758
4499
9927
1721
5668
983
3084
9290
4102
6287
9452
2389
9677
1937
990
7455
8774
6198
471
2053
8275
2356
844
36
4002
3398
2105
5272
4231
8192
4262
8285
4816
1921
8368
6613
2514
5892
1065
7037
849
1341
260
9423
9520
3365
6841
445
7086
511
8813
3392
9827
472
5232
8864
6998
6798
Query: 77
Nearest neighbour-1: 2374
distanceLSH: 330.853
distanceTrue: 251.257
Nearest neighbour-2: 3936
distanceLSH: 386.467
distanceTrue: 255.996
Nearest neighbour-3: 2580
distanceLSH: 390.276
distanceTrue: 280.836
Nearest neighbour-4: 3190
distanceLSH: 399.604
distanceTrue: 282.427
Nearest neighbour-5: 5509
distanceLSH: 401.167
distanceTrue: 285.184
tLSH: 0.000517862
tTrue: 0.024809
1300-near neighbours:
2374
3936
2580
3190
5509
6005
6157
9642
7684
9725
7527
1371
9016
9534
1886
2754
4096
2771
3121
7596
9423
3212
4449
7129
171
2439
6113
4383
1241
6153
1249
1728
5315
510
9419
2669
978
6386
8483
4751
8693
5353
2104
6460
747
8865
1110
6513
9622
1915
7057
9905
3571
1232
9880
4417
1911
8180
4072
2378
901
9297
3304
7047
1405
9413
6621
878
267
6414
4914
8132
6172
3359
777
2365
2978
91
753
7593
462
5762
4511
8829
3307
4391
5463
7894
6105
1881
9268
6136
3034
1023
7699
7139
4863
207
3073
3819
158
3981
6243
8504
5651
5213
4492
Query: 78
Nearest neighbour-1: 4845
distanceLSH: 344.097
distanceTrue: 293.716
Nearest neighbour-2: 7946
distanceLSH: 348.753
distanceTrue: 298.88
Nearest neighbour-3: 9305
distanceLSH: 398.385
distanceTrue: 306.738
Nearest neighbour-4: 9256
distanceLSH: 406.1
distanceTrue: 317.762
Nearest neighbour-5: 784
distanceLSH: 409.035
distanceTrue: 317.909
tLSH: 0.000461863
tTrue: 0.02071
1300-near neighbours:
4845
7946
9305
9256
784
708
1682
7259
1012
2071
7515
356
7908
7499
4797
6260
775
5033
4657
8635
1582
4348
4470
8170
15
7466
4318
9737
5999
2209
8205
5478
8080
934
4754
8586
212
7132
297
7560
7386
169
8537
9192
8717
7226
6824
531
6704
6880
1680
256
6232
5251
553
4442
6531
3143
2969
3301
1086
3935
7918
3530
9237
920
545
3205
613
740
470
6020
3975
9141
2000
1402
7394
941
7173
2517
629
7683
6205
5699
2766
7356
2756
8118
3460
1942
132
5041
9928
9784
536
1626
6857
9853
8628
3496
8499
5450
6411
Query: 79
Nearest neighbour-1: 5340
distanceLSH: 357.021
distanceTrue: 226.868
Nearest neighbour-2: 2548
distanceLSH: 357.871
distanceTrue: 245.516
Nearest neighbour-3: 9624
distanceLSH: 360.77
distanceTrue: 254.876
Nearest neighbour-4: 6384
distanceLSH: 365.52
distanceTrue: 258.88
Nearest neighbour-5: 32
distanceLSH: 368.206
distanceTrue: 260.929
tLSH: 0.000366863
tTrue: 0.019384
1300-near neighbours:
5340
2548
9624
6384
32
1376
4669
1561
9528
1406
1756
8308
7436
266
8520
2655
3358
66
1543
2134
7496
8875
5365
3723
8050
9105
3021
6181
4077
3671
3087
165
7327
4094
6579
2593
5616
5626
7676
5697
4259
9058
8879
7707
5921
4091
3834
2802
9204
3747
8560
6968
755
2361
2381
5285
4924
8848
3142
3223
2219
3688
2373
3181
4113
5393
9613
4913
4518
6291
860
2176
3344
5508
9526
4815
3041
Query: 80
Nearest neighbour-1: 9857
distanceLSH: 275.225
distanceTrue: 148.165
Nearest neighbour-2: 8544
distanceLSH: 336.728
distanceTrue: 160.415
Nearest neighbour-3: 6640
distanceLSH: 341.409
distanceTrue: 161.369
Nearest neighbour-4: 5536
distanceLSH: 357.423
distanceTrue: 171.193
Nearest neighbour-5: 5498
distanceLSH: 357.631
distanceTrue: 180.222
tLSH: 0.000477863
tTrue: 0.025971
1300-near neighbours:
9857
8544
6640
5536
5498
1125
9836
437
5375
2321
2321
390
3262
3061
4140
6386
9615
7337
3220
8841
3842
9016
3322
3993
926
5996
9724
8945
3231
5574
694
3247
1220
3405
1993
309
1033
742
8400
7837
9131
2459
8464
8464
2824
8204
1668
7506
6197
4546
5831
2780
1106
4117
2485
9312
3119
2046
9157
305
3600
4588
6931
7469
7639
1215
475
6051
4318
5241
9997
2864
5253
6181
4766
7191
8392
3339
8534
6349
6356
2276
693
6625
9960
9883
7754
4861
4740
624
1585
8820
6448
6546
6104
5512
7923
4717
7435
Query: 81
Nearest neighbour-1: 9455
distanceLSH: 360.952
distanceTrue: 146.311
Nearest neighbour-2: 4444
distanceLSH: 361.742
distanceTrue: 230.894
Nearest neighbour-3: 1213
distanceLSH: 365.219
distanceTrue: 281.068
Nearest neighbour-4: 6615
distanceLSH: 366.786
distanceTrue: 296.906
Nearest neighbour-5: 6282
distanceLSH: 367.283
distanceTrue: 299.286
tLSH: 0.000377863
tTrue: 0.029021
1300-near neighbours:
9455
4444
1213
6615
6282
4416
5600
8464
4270
5188
8868
536
98
8479
7129
3578
1699
6075
2718
9223
9072
5923
6994
3897
9812
568
9787
9651
2255
5583
3689
6010
7027
8944
6659
9044
3733
2624
7114
8083
2344
8265
9379
6649
1008
6719
1436
3141
3093
8601
6148
7538
7464
6704
387
3452
6372
8827
3702
1044
3742
3463
9203
8541
3246
9108
4032
1824
5130
3577
2659
7749
1525
8883
750
406
6608
5304
6230
585
8605
6404
5524
5424
Query: 82
Nearest neighbour-1: 2099
distanceLSH: 328.201
distanceTrue: 276.819
Nearest neighbour-2: 2018
distanceLSH: 358.643
distanceTrue: 295.41
Nearest neighbour-3: 8751
distanceLSH: 377.976
distanceTrue: 297.303
Nearest neighbour-4: 1871
distanceLSH: 380.899
distanceTrue: 298.706
Nearest neighbour-5: 22
distanceLSH: 398.835
distanceTrue: 302.366
tLSH: 0.000414863
tTrue: 0.023615
1300-near neighbours:
2099
2018
8751
1871
22
8130
278
656
7338
5729
8410
3658
1004
5611
1344
4157
2778
1865
1861
1438
8031
6695
6958
4173
6661
5452
5697
4032
4453
6903
5111
2581
6622
8915
1222
2208
5178
6870
5676
4735
8160
8004
7528
965
1597
9627
6225
8055
6061
8226
6115
9190
3365
1964
9665
3144
7679
4866
1633
1147
8212
9030
8858
1017
9850
6767
1578
3394
8485
3613
9594
9639
1684
3904
9915
8162
262
1907
8424
4217
3884
3119
5263
8546
3562
1202
2373
6400
5893
5767
9544
3983
2004
8941
6859
5583
3443
7333
5672
6659
6480
5892
8966
Query: 83
Nearest neighbour-1: 208
distanceLSH: 324.489
distanceTrue: 271.982
Nearest neighbour-2: 4660
distanceLSH: 357.007
distanceTrue: 273.892
Nearest neighbour-3: 1512
distanceLSH: 364.727
distanceTrue: 278.718
Nearest neighbour-4: 5365
distanceLSH: 366.922
distanceTrue: 280.237
Nearest neighbour-5: 6060
distanceLSH: 371.449
distanceTrue: 280.36
tLSH: 0.000409863
tTrue: 0.027331
1300-near neighbours:
208
4660
1512
5365
6060
5540
9792
4345
8407
5979
2952
595
9146
1158
946
4507
3253
2535
4350
3608
7510
3566
1440
4401
8758
6563
5134
3871
6239
9720
1002
2714
6497
1745
1482
1472
224
5770
5749
9728
4918
8742
6349
9868
4993
9946
8200
6440
7871
2866
6696
7748
3231
6628
4028
6470
7883
2959
2644
4298
3686
9072
7225
8969
4176
2805
348
3921
7129
497
1147
6949
1599
2679
6845
5307
6914
7971
3944
8009
8538
9695
1417
1101
8799
3187
7385
9934
3097
9845
9410
1616
4956
2584
2850
8064
579
5467
Query: 84
Nearest neighbour-1: 8052
distanceLSH: 317.537
distanceTrue: 181.607
Nearest neighbour-2: 6518
distanceLSH: 352.919
distanceTrue: 196.987
Nearest neighbour-3: 6744
distanceLSH: 361.091
distanceTrue: 237.668
Nearest neighbour-4: 71
distanceLSH: 364.229
distanceTrue: 249.389
Nearest neighbour-5: 9465
distanceLSH: 364.803
distanceTrue: 252.513
tLSH: 0.000461863
tTrue: 0.024369
1300-near neighbours:
8052
6518
6744
71
9465
8919
5556
3470
1154
8132
5336
6825
2033
4992
528
8389
2400
8974
4166
894
1959
1798
6201
8557
1265
8183
9697
3602
6990
5419
6930
3571
558
753
9307
6414
8180
7960
7073
8133
2378
91
3648
2550
8829
5455
7593
1350
3073
7666
1080
6948
2385
8508
5514
8689
9222
7552
7882
610
1256
1072
3540
7846
4733
6113
5153
284
7273
9228
3121
774
1518
4446
9364
6495
4502
695
9277
1728
8022
630
1801
1988
9622
9753
806
980
6327
4449
9824
6674
7985
8002
3426
Query: 85
Nearest neighbour-1: 258
distanceLSH: 311.931
distanceTrue: 192.678
Nearest neighbour-2: 9822
distanceLSH: 318.401
distanceTrue: 233.846
Nearest neighbour-3: 3049
distanceLSH: 323.599
distanceTrue: 248.363
Nearest neighbour-4: 168
distanceLSH: 332.289
distanceTrue: 249.662
Nearest neighbour-5: 417
distanceLSH: 347.027
distanceTrue: 250.466
tLSH: 0.000399863
tTrue: 0.026053
1300-near neighbours:
258
9822
3049
168
417
327
784
2609
1376
5460
5047
1543
5945
4347
6315
7982
6611
2400
928
4770
6561
5002
8894
2620
7676
3312
987
4961
8712
2955
1124
7517
4781
2047
2931
9616
9241
8262
4199
8287
8311
6557
2048
4826
8181
3555
1174
7019
2693
4600
8436
8031
6587
5935
6651
6669
7306
8427
1131
2268
2457
2626
7062
5305
3992
1948
7874
1464
339
2783
7888
8371
2053
958
2751
2577
3249
2180
9802
9897
4001
316
4457
2565
1981
7378
8484
6724
5671
6971
9527
331
1166
6522
5657
Query: 86
Nearest neighbour-1: 6124
distanceLSH: 516.553
distanceTrue: 285.107
Nearest neighbour-2: 679
distanceLSH: 524.807
distanceTrue: 305.612
Nearest neighbour-3: 3672
distanceLSH: 531.784
distanceTrue: 330.97
Nearest neighbour-4: 5668
distanceLSH: 534.639
distanceTrue: 339.972
Nearest neighbour-5: 9482
distanceLSH: 536.25
distanceTrue: 346.298
tLSH: 0.000443863
tTrue: 0.025723
1300-near neighbours:
6124
679
3672
5668
9482
9498
4268
2689
8329
3045
6489
5650
14
8573
468
9031
2334
5403
5486
4864
325
2632
2197
9657
973
9610
4704
6202
2122
3667
2171
2749
609
1137
8442
8053
6632
8335
259
3671
6200
7014
762
2379
9247
6304
1679
3347
6734
7575
5360
3055
3310
1849
9260
3906
9545
4741
3041
2879
7528
2640
5014
4826
2851
6443
3140
1992
57
8280
9699
1272
8259
5336
5336
3955
8432
8992
2750
2846
5815
2569
1517
3103
2754
1389
9790
3835
8057
4035
9647
6067
8506
2182
2174
8934
9879
8925
7951
7358
1429
6337
7407
7405
7077
5876
7266
4967
6721
Query: 87
Nearest neighbour-1: 1949
distanceLSH: 364.889
distanceTrue: 224.907
Nearest neighbour-2: 6062
distanceLSH: 368.436
distanceTrue: 255.282
Nearest neighbour-3: 7537
distanceLSH: 380.167
distanceTrue: 265.055
Nearest neighbour-4: 8248
distanceLSH: 385.223
distanceTrue: 277.784
Nearest neighbour-5: 2539
distanceLSH: 393.334
distanceTrue: 281.778
tLSH: 0.000533863
tTrue: 0.024894
1300-near neighbours:
1949
6062
7537
8248
2539
6000
9451
8769
3461
3287
4007
7841
1987
791
744
2420
2302
3336
1518
272
4775
4386
9823
6880
2399
1168
3317
2307
9605
2846
9938
140
2188
1403
7901
6700
3078
1618
9749
1972
451
1843
6691
1669
3720
9301
3016
8497
2536
9246
8375
2957
7232
3761
5835
2916
4566
1596
1084
8475
7812
4114
4036
3533
8572
1290
5158
2989
8034
7442
6371
759
7388
6350
5303
238
7155
2713
307
4958
882
528
8415
9563
2538
4591
6217
6201
5101
8620
9007
7939
7592
6758
Query: 88
Nearest neighbour-1: 1385
distanceLSH: 362.607
distanceTrue: 123.56
Nearest neighbour-2: 5607
distanceLSH: 374.362
distanceTrue: 216.025
Nearest neighbour-3: 2882
distanceLSH: 445.458
distanceTrue: 217.936
Nearest neighbour-4: 8449
distanceLSH: 458.387
distanceTrue: 231.208
Nearest neighbour-5: 7359
distanceLSH: 459.061
distanceTrue: 234.113
tLSH: 0.000420863
tTrue: 0.025615
1300-near neighbours:
1385
5607
2882
8449
7359
2517
2649
9343
2974
256
9060
9504
7555
4801
531
9853
6612
1402
495
263
6919
9985
4442
8261
2840
2177
2392
4370
3301
2300
7972
3238
5421
129
212
9192
9866
5161
3530
8819
2201
9289
9649
629
6884
7982
3460
7123
702
5821
6570
5938
3844
3757
5534
6704
4470
5140
2540
5066
5746
5860
7725
1908
9930
2209
5942
1682
9415
5219
8009
2072
830
5478
4081
634
3432
3847
529
4093
4603
5014
5114
576
4258
9116
1725
7929
2206
5531
7466
636
8857
4288
2397
4434
1594
7560
2442
5372
7709
3209
5437
1012
5532
6126
Query: 89
Nearest neighbour-1: 8861
distanceLSH: 245.862
distanceTrue: 75.08
Nearest neighbour-2: 4381
distanceLSH: 320.247
distanceTrue: 135.052
Nearest neighbour-3: 4565
distanceLSH: 320.85
distanceTrue: 154.418
Nearest neighbour-4: 6882
distanceLSH: 347.505
distanceTrue: 155.515
Nearest neighbour-5: 7071
distanceLSH: 352.504
distanceTrue: 163.411
tLSH: 0.000390863
tTrue: 0.025944
1300-near neighbours:
8861
4381
4565
6882
7071
1686
8242
4432
6292
3692
954
8587
3138
9598
85
1729
9480
910
5679
3085
3685
1618
8008
2118
8411
7610
1572
3269
6634
5445
2299
7871
8681
9812
4009
7987
7721
7918
3306
5660
9773
3603
4756
6195
5576
4866
3260
9900
5373
8568
9952
8244
8911
9188
4969
3358
2028
2998
6912
2633
2236
989
7081
6096
931
1375
938
6681
7328
6908
1719
4745
5871
4762
4685
2982
2982
8973
2905
2715
6086
5007
4996
5978
8883
8504
6492
4593
1744
5084
6491
4995
4666
Query: 90
Nearest neighbour-1: 2634
distanceLSH: 315.725
distanceTrue: 114.534
Nearest neighbour-2: 2392
distanceLSH: 323.972
distanceTrue: 157.34
Nearest neighbour-3: 1990
distanceLSH: 337.5
distanceTrue: 191.523
Nearest neighbour-4: 9897
distanceLSH: 346.269
distanceTrue: 206.422
Nearest neighbour-5: 7232
distanceLSH: 360.502
distanceTrue: 208.031
tLSH: 0.000458863
tTrue: 0.023265
1300-near neighbours:
2634
2392
1990
9897
7232
9642
2233
9351
2645
9456
1803
2160
3250
2027
3806
3241
9212
3741
9235
2246
9583
2417
8654
4026
9550
1213
9290
9656
6105
6913
3511
1052
2978
4017
1439
8573
6444
5248
8084
9286
7632
5826
7979
3831
6214
8745
9042
487
4122
2656
3448
1106
8905
1944
9643
3748
9856
8754
66
1365
181
1920
3421
7066
753
5129
5424
2942
473
9256
3294
1953
6772
5717
2068
9964
1068
5364
306
994
8217
8175
1105
5771
3691
2086
8862
6504
9156
5653
7676
7860
8726
7339
Query: 91
Nearest neighbour-1: 5374
distanceLSH: 300.341
distanceTrue: 50.4579
Nearest neighbour-2: 4828
distanceLSH: 307.163
distanceTrue: 60.663
Nearest neighbour-3: 32
distanceLSH: 309.278
distanceTrue: 156.234
Nearest neighbour-4: 5301
distanceLSH: 310.731
distanceTrue: 157.629
Nearest neighbour-5: 4661
distanceLSH: 311.254
distanceTrue: 163.141
tLSH: 0.000438863
tTrue: 0.019184
1300-near neighbours:
5374
4828
32
5301
4661
2981
730
8291
8291
2559
5107
8542
660
7154
243
5015
3072
715
1356
3195
7218
414
3104
8152
7966
4790
3028
5778
7614
4893
6290
5426
2299
5885
1299
6910
7332
7772
3160
2091
8035
5406
3389
2196
4199
3191
3058
5502
5325
8820
5957
4966
5267
8761
7927
4025
8620
9968
2088
6099
7371
8573
4137
8423
9999
6487
5299
3856
2514
5599
2993
2314
3894
5927
9954
3969
1121
5608
862
4023
3182
3170
3535
8918
8202
3754
5708
1028
9067
398
9263
1757
6246
3513
7114
9544
9652
4051
6776
4896
7283
6474
5844
9229
9765
Query: 92
Nearest neighbour-1: 7579
distanceLSH: 380.334
distanceTrue: 298.027
Nearest neighbour-2: 2394
distanceLSH: 435.641
distanceTrue: 308.971
Nearest neighbour-3: 14
distanceLSH: 438.342
distanceTrue: 314.189
Nearest neighbour-4: 3701
distanceLSH: 442.291
distanceTrue: 317.481
Nearest neighbour-5: 1829
distanceLSH: 469.388
distanceTrue: 318.824
tLSH: 0.000386863
tTrue: 0.019022
1300-near neighbours:
7579
2394
14
3701
1829
1040
3727
242
6916
9458
3861
5113
4222
354
5143
2306
1450
5355
75
9124
891
975
4630
464
2018
9719
4845
1174
3275
6539
1491
1491
3868
8723
4126
6451
4029
2173
1446
3891
7199
3070
4692
6674
1635
847
3559
7141
9084
3784
8073
3443
9242
5564
1502
7800
1427
4270
420
4488
7134
6461
6396
7645
6599
1511
1677
5708
1939
5360
5049
1634
6190
6738
9788
8192
5685
9630
1806
1538
7243
478
8740
7557
5448
4816
Query: 93
Nearest neighbour-1: 1546
distanceLSH: 411.054
distanceTrue: 141.464
Nearest neighbour-2: 945
distanceLSH: 413.924
distanceTrue: 245.21
Nearest neighbour-3: 8818
distanceLSH: 414.351
distanceTrue: 293.626
Nearest neighbour-4: 9920
distanceLSH: 415.786
distanceTrue: 305.943
Nearest neighbour-5: 4094
distanceLSH: 417.971
distanceTrue: 307.982
tLSH: 0.000436863
tTrue: 0.02544
1300-near neighbours:
1546
945
8818
9920
4094
8177
5573
1561
8110
66
3253
8778
1472
8217
3274
2688
6384
1543
4604
5055
5086
8550
7744
2015
32
1260
4006
4729
3547
8343
4716
5137
6249
3445
771
3037
8572
9319
5654
1918
732
8679
5386
3087
4033
8735
1951
9206
3636
1031
2801
8796
3181
1486
3911
2666
3923
3302
2841
9712
5508
2449
2740
8433
26
8405
2986
5677
6291
2296
6683
403
898
8516
6374
6121
1046
7089
6659
7131
9536
2065
4913
860
Query: 94
Nearest neighbour-1: 2388
distanceLSH: 301.655
distanceTrue: 234.774
Nearest neighbour-2: 2892
distanceLSH: 327.298
distanceTrue: 258.339
Nearest neighbour-3: 4814
distanceLSH: 348.287
distanceTrue: 259.917
Nearest neighbour-4: 343
distanceLSH: 351.539
distanceTrue: 265.735
Nearest neighbour-5: 7423
distanceLSH: 382.258
distanceTrue: 268.717
tLSH: 0.000408863
tTrue: 0.023221
1300-near neighbours:
2388
2892
4814
343
7423
7515
6644
4682
3756
8106
4473
575
1641
8414
2875
5602
4777
3370
6259
9561
5735
4669
2709
4868
7491
9983
8198
8618
9757
3088
327
5357
8240
2819
8333
7498
7699
4411
1064
3209
1021
5420
4521
4623
1879
2594
1104
8699
1956
4603
3636
6525
8761
9124
7671
5462
8569
8362
9056
3018
8427
1880
1880
3747
2081
2794
3212
3361
2744
9354
617
8861
9606
664
5348
1776
2037
1326
3244
8165
276
3528
505
7831
9227
2213
3298
996
8117
9779
9594
5211
364
6798
7376
9114
6678
4380
469
5429
6161
Query: 95
Nearest neighbour-1: 8335
distanceLSH: 410.957
distanceTrue: 160.571
Nearest neighbour-2: 2122
distanceLSH: 418.573
distanceTrue: 236.377
Nearest neighbour-3: 875
distanceLSH: 422.137
distanceTrue: 245.982
Nearest neighbour-4: 70
distanceLSH: 462.268
distanceTrue: 256.515
Nearest neighbour-5: 6275
distanceLSH: 463.645
distanceTrue: 260.471
tLSH: 0.000389862
tTrue: 0.025812
1300-near neighbours:
8335
2122
875
70
6275
2615
4588
3962
6529
760
4770
8106
4974
5880
4901
1004
3324
5589
1179
5757
906
4406
7886
7843
6502
4504
6339
6116
8460
1548
9253
2227
1223
7354
6495
1052
7094
7156
6878
9767
1374
3118
8332
4998
5707
2724
8748
4109
910
9960
2439
7430
9435
8773
7600
9102
8071
9659
6211
9012
7322
3427
1185
5816
3406
7353
1625
763
8548
3027
2044
9236
8390
349
7629
8925
1266
3148
7768
1236
950
1510
8939
413
413
6092
7091
186
220
6984
6672
Query: 96
Nearest neighbour-1: 1447
distanceLSH: 412.42
distanceTrue: 305.392
Nearest neighbour-2: 3289
distanceLSH: 415.557
distanceTrue: 313.359
Nearest neighbour-3: 3318
distanceLSH: 419.989
distanceTrue: 313.739
Nearest neighbour-4: 2294
distanceLSH: 420.891
distanceTrue: 318.987
Nearest neighbour-5: 2887
distanceLSH: 426.334
distanceTrue: 320.947
tLSH: 0.000485862
tTrue: 0.025931
1300-near neighbours:
1447
3289
3318
2294
2887
1757
2773
2816
3783
4936
3615
1403
3029
2973
3499
9628
662
3078
3224
155
8608
9424
3883
138
108
2139
7470
1255
7297
3885
6167
1885
7615
4838
4209
9089
3784
4342
9229
6080
5116
2777
6372
6098
7278
6040
8824
8288
8789
8986
5872
3687
4118
2488
6854
2708
12
2334
6554
7884
4222
5836
957
1357
4532
5515
5460
3349
7475
2445
3930
1329
8624
332
6797
4908
4106
573
9523
9973
2427
3989
9307
3780
1890
4756
4300
79
5620
3468
6889
8927
1129
1317
9748
709
2336
3004
7334
5674
8798
1474
8803
921
2715
9157
4824
5519
7567
Query: 97
Nearest neighbour-1: 8855
distanceLSH: 363.441
distanceTrue: 285.79
Nearest neighbour-2: 1123
distanceLSH: 365.795
distanceTrue: 303.557
Nearest neighbour-3: 4555
distanceLSH: 390.662
distanceTrue: 318.366
Nearest neighbour-4: 9792
distanceLSH: 402.862
distanceTrue: 320.209
Nearest neighbour-5: 810
distanceLSH: 404.835
distanceTrue: 322.957
tLSH: 0.000413863
tTrue: 0.024648
1300-near neighbours:
8855
1123
4555
9792
810
6222
4346
637
7418
8554
4458
5216
4725
5257
6562
2209
7699
6230
785
6784
4513
855
4347
5073
4531
1780
5622
6347
2758
9961
4948
6990
9268
6981
9877
6218
5144
4557
7485
7562
3074
5512
2156
6662
7759
1513
2971
1715
8358
7141
2405
9151
9991
3898
3994
2066
5538
7954
9071
7190
3629
791
1840
6831
2064
7030
6228
9392
9285
2031
4103
6082
2696
9791
4263
2175
5270
3461
981
124
9264
6071
6496
1983
3263
8194
1477
3002
7796
2679
6569
3390
7117
1564
3830
1936
7834
1126
6093
7090
6484
Query: 98
Nearest neighbour-1: 8179
distanceLSH: 365.595
distanceTrue: 233.532
Nearest neighbour-2: 236
distanceLSH: 374.837
distanceTrue: 303.745
Nearest neighbour-3: 590
distanceLSH: 388.693
distanceTrue: 304.041
Nearest neighbour-4: 5422
distanceLSH: 397.828
distanceTrue: 311.304
Nearest neighbour-5: 1020
distanceLSH: 402.64
distanceTrue: 315.435
tLSH: 0.000428863
tTrue: 0.023376
1300-near neighbours:
8179
236
590
5422
1020
1953
9156
3036
1563
5922
4749
432
1516
9793
2086
6170
4
5717
6435
21
3766
1234
9329
5760
3666
1233
9019
5820
2426
2011
4353
3383
2546
6188
6303
1820
2482
3436
181
1106
3728
1141
1021
1965
9870
6451
7671
4554
6565
3183
6394
9588
7041
1085
7530
5671
1544
868
8713
8295
7418
6567
9112
3474
7246
9912
955
3969
6673
4208
2183
2891
8239
1244
7185
2132
7832
6939
233
8701
3112
5679
281
836
7651
687
1857
7122
9614
1939
9694
6407
1728
1468
4143
5846
9280
3629
347
328
2493
1073
9927
1053
2762
3134
7358
5706
7987
5278
7983
4773
Query: 99
Nearest neighbour-1: 9894
distanceLSH: 245.069
distanceTrue: 137.43
Nearest neighbour-2: 732
distanceLSH: 319.362
distanceTrue: 138.899
Nearest neighbour-3: 1918
distanceLSH: 343.054
distanceTrue: 138.964
Nearest neighbour-4: 8646
distanceLSH: 355.947
distanceTrue: 142.506
Nearest neighbour-5: 8943
distanceLSH: 358.297
distanceTrue: 143.457
tLSH: 0.000396863
tTrue: 0.023064
1300-near neighbours:
9894
732
1918
8646
8943
2015
5970
7691
1260
5904
8564
5137
8881
243
6952
5047
4729
8973
4700
8217
5297
6428
8550
1199
332
5369
2444
278
3932
6036
1839
4499
4789
6368
5593
4969
8572
3236
2901
8055
4187
1962
5668
8807
4306
8315
2802
7161
6772
6856
1951
445
6121
2514
5819
990
2356
84
5232
2666
4099
6890
3615
4429
8694
6683
5756
4262
7089
2415
6338
755
9677
3813
6588
1991
2105
2110
6002
4112
940
505
849
6638
3475
1700
6647
3392
8909
7131
6929
511
6798
4815
Query: 100
Nearest neighbour-1: 2892
distanceLSH: 339.249
distanceTrue: 184.613
Nearest neighbour-2: 2378
distanceLSH: 350.341
distanceTrue: 234.885
Nearest neighbour-3: 1892
distanceLSH: 373.647
distanceTrue: 308.608
Nearest neighbour-4: 3580
distanceLSH: 391.436
distanceTrue: 310.403
Nearest neighbour-5: 6031
distanceLSH: 401.866
distanceTrue: 318.94
tLSH: 0.000439863
tTrue: 0.021655
1300-near neighbours:
2892
2378
1892
3580
6031
621
9414
519
165
5273
5208
1044
882
846
7515
396
1435
1265
8599
8230
5820
7437
7891
7891
8374
8784
8794
8444
7816
7362
9919
2708
7355
9207
6852
3324
1007
3584
2806
9737
3771
6173
2458
8999
9225
2893
2961
8068
3329
6041
3516
6713
6142
8745
2507
742
4415
5747
1309
5800
5874
6720
6834
6284
9090
5049
1803
2871
4802
3904
6368
1808
2285
7376
1312
8993
9957
6890
5126
4732
3267
9608
127
2643
6749
