Query: 1
Nearest neighbour-1: 2775
distanceLSH: 340
distanceTrue: 276.782
tLSH: 0.645517
tTrue: 2.25809
10000-near neighbours:
2775
3414
1929
3969
3041
3181
4430
2272
351
3422
3115
9672
424
2232
7918
6882
3935
822
8432
3622
1491
8082
4938
1848
4428
3687
6574
3697
4171
8569
5508
6044
8706
5672
5448
5429
7842
9472
7547
7468
9031
8734
1411
7023
5822
5293
2252
3740
5114
2522
6789
2632
101
7053
945
3016
2661
8363
7033
3193
902
7754
3707
4237
1601
3462
4539
8852
8142
1358
6123
4560
5216
7382
7048
7574
959
3912
9060
7146
4864
1161
6437
5217
4187
5951
Query: 2
Nearest neighbour-1: 673
distanceLSH: 330.973
distanceTrue: 256.852
tLSH: 0.645517
tTrue: 2.25809
10000-near neighbours:
673
1765
220
1941
2096
2707
6893
6094
2798
8207
843
1504
5618
1553
3933
4200
6208
5060
9151
5269
6706
401
9660
7613
3449
9082
6897
3704
2292
3189
3937
3618
4196
9401
1571
3192
3377
1330
4187
8373
8679
5342
7253
116
5455
8592
2670
6373
3930
7256
8708
5340
8127
9669
7444
2895
7997
1770
1465
6739
5121
4851
202
5715
4230
4992
7731
3436
1860
5713
4720
1525
5426
8696
5633
4826
2550
Query: 3
Nearest neighbour-1: 4677
distanceLSH: 306.808
distanceTrue: 206.737
tLSH: 0.645517
tTrue: 2.25809
10000-near neighbours:
4677
9312
1257
7690
9383
9522
3706
7948
6960
4811
2077
6866
1265
5374
2283
830
144
4628
7033
8724
1408
5471
6919
6508
2394
894
5316
730
8100
7869
8068
8713
4908
6007
1116
2563
4521
8450
6896
2512
7819
9430
3236
7464
391
6308
6961
8734
4215
9450
5496
871
2972
9053
3582
9143
8995
6540
7317
2840
4428
3407
9274
3391
7043
1761
3277
8241
808
1027
2607
3789
370
1896
27
5275
9575
9652
9540
5110
9734
Query: 4
Nearest neighbour-1: 1627
distanceLSH: 342.538
distanceTrue: 215.177
tLSH: 0.645517
tTrue: 2.25809
10000-near neighbours:
1627
9615
3402
3249
3645
1885
2414
923
1251
1678
3415
7245
8379
4529
1711
6055
1075
1176
9658
2356
1704
1704
9858
9476
6345
5830
6541
5299
6314
9736
518
8229
1701
2574
7314
9425
9295
5958
2500
552
7619
2511
8779
275
1980
592
4887
5458
6066
5990
797
2480
3202
9629
6766
634
8697
2388
3961
4303
2485
5179
544
79
2870
5357
7312
4662
1525
4744
4833
5322
6429
Query: 5
Nearest neighbour-1: 410
distanceLSH: 315.003
distanceTrue: 250.509
tLSH: 0.645517
tTrue: 2.25809
10000-near neighbours:
410
9549
8047
162
7328
9103
6219
5096
7594
4741
8713
9054
5210
4959
3644
4906
2084
9079
7932
4584
7484
16
72
4036
6371
7598
5316
2291
975
1811
7550
7398
5742
5102
8356
6268
7257
1478
9872
6301
8243
8135
9810
7485
7696
6989
6356
4283
6863
2057
4299
9381
409
6750
2959
1532
9235
2718
2220
9352
6100
9551
4280
8842
9380
6846
3390
3345
9906
2138
7863
3541
341
3379
4802
9594
1203
3562
9637
9223
1294
2152
2888
9765
841
5480
9139
7904
4243
7215
369
Query: 6
Nearest neighbour-1: 3507
distanceLSH: 341.05
distanceTrue: 275.151
tLSH: 0.645517
tTrue: 2.25809
10000-near neighbours:
3507
303
2111
3514
4235
1141
2412
9784
9581
7438
630
1677
3714
1239
1843
2414
9851
9335
7918
8021
9303
9364
4020
8637
7915
9088
686
3367
6004
8224
6881
3420
2384
2102
7367
3018
6377
6255
8937
1395
256
8400
5557
4832
7564
3497
4046
4077
9239
8506
3799
9085
7451
3703
4453
7761
2529
6263
3780
416
6033
8812
8594
8662
3600
8170
1782
3804
4718
4366
2653
7733
9942
7677
4544
4734
6608
5520
2641
384
1859
6432
5511
5812
4597
9597
4704
936
4461
Query: 7
Nearest neighbour-1: 2302
distanceLSH: 323.413
distanceTrue: 246.609
tLSH: 0.645517
tTrue: 2.25809
10000-near neighbours:
2302
8583
1127
8711
371
173
3003
7397
2409
1817
2001
2308
2382
3496
9532
669
3284
2479
3172
8953
1728
3983
4123
9878
3551
7650
4644
2928
9262
5255
1389
7597
9167
84
469
1141
7625
8428
9149
36
7322
3162
9179
7637
3638
8806
6901
8525
7618
1346
2813
1798
2593
589
4720
2595
2099
3000
9993
6097
7032
1407
8101
9288
4970
1393
7734
882
32
6126
2257
8054
4805
8299
9763
9109
2086
6907
4418
6029
1718
336
2637
5088
Query: 8
Nearest neighbour-1: 9169
distanceLSH: 286.084
distanceTrue: 173.948
tLSH: 0.645517
tTrue: 2.25809
10000-near neighbours:
9169
9472
5499
6127
2578
4192
84
5953
7600
1113
1006
1204
5972
687
9039
6195
4299
7560
6078
7377
1453
9923
4050
7716
8518
1240
9540
2204
8325
189
8114
5846
1329
2799
8250
1677
8464
7632
947
8086
2370
1628
2712
8234
8936
7153
266
4909
9308
9062
6635
5029
5406
1378
1770
2136
9563
8980
8386
2365
3564
5836
8636
7698
5866
2068
6033
4199
3988
1420
909
6717
4469
8003
5804
5747
8175
4506
1745
6347
4627
4118
5714
764
4992
79
4767
6268
2086
8000
2197
4777
5426
4642
Query: 9
Nearest neighbour-1: 784
distanceLSH: 294.517
distanceTrue: 248.473
tLSH: 0.645517
tTrue: 2.25809
10000-near neighbours:
784
2559
4509
5905
8217
4605
2462
4765
9171
1261
854
4796
8816
7049
169
4756
257
4890
873
5745
2248
6867
5479
414
802
1673
2367
6162
2298
5459
837
6644
594
1799
9192
931
1747
6795
9433
7854
5546
9378
5521
5669
7273
2860
4327
7408
265
8232
6127
2745
9331
910
9741
2183
9500
3418
3698
7708
3120
2381
3843
8508
5548
2872
6393
4014
2743
6092
5800
7307
2737
9237
684
7776
7378
5692
5537
2532
8545
8967
4980
1664
5766
Query: 10
Nearest neighbour-1: 2858
distanceLSH: 320.117
distanceTrue: 250.014
tLSH: 0.645517
tTrue: 2.25809
10000-near neighbours:
2858
8721
8974
1178
65
5905
9563
5859
3049
4741
4821
775
9611
5629
9329
4766
5206
8329
622
3251
7100
373
9932
3766
3860
6493
5195
4122
6618
7709
3218
4633
2520
8330
8562
1452
2780
3107
8141
2827
1946
7960
3641
5525
7019
5577
8472
6813
5469
1142
4533
8509
5843
3490
8524
3170
4264
8378
2697
2029
2043
3579
3110
3099
7255
4376
9437
4257
4242
3026
7043
1273
3910
5565
2871
6229
7196
4324
1313
133
7704
9285
6183
Query: 11
Nearest neighbour-1: 2649
distanceLSH: 342.948
distanceTrue: 293.883
tLSH: 0.645517
tTrue: 2.25809
10000-near neighbours:
2649
10000
2130
8657
9555
7492
947
7315
2767
669
1716
2200
3080
8681
2945
1307
9128
5310
3399
7622
6387
8012
929
3878
1679
7229
4102
3316
2277
6467
5271
7077
1229
9123
8675
9278
5976
1968
7538
6392
6843
1951
8151
9120
6617
7750
3179
3147
9382
8185
522
6910
1723
1135
7795
2519
5253
7456
8303
9208
7169
7327
5332
4418
6117
7362
7018
8036
4186
5065
8979
1068
8985
6598
6267
Query: 12
Nearest neighbour-1: 4648
distanceLSH: 236.419
distanceTrue: 172.163
tLSH: 0.645517
tTrue: 2.25809
10000-near neighbours:
4648
4463
7948
5057
2
4797
7764
6822
3338
637
1348
4868
4330
8685
548
4677
4116
7690
1422
4811
894
4030
8334
4628
6029
6919
3236
3565
2597
2563
4722
7504
5683
8713
1300
6896
7208
3184
7200
3939
8394
4054
5515
5316
8100
6068
6308
8068
871
3839
3976
6572
3277
3872
2356
2645
1250
365
2346
9198
7010
4956
7299
3223
2150
7357
2495
8831
2493
7659
5954
610
9066
9600
1469
4801
123
429
2852
9274
7342
Query: 13
Nearest neighbour-1: 1538
distanceLSH: 267.69
distanceTrue: 238.55
tLSH: 0.645517
tTrue: 2.25809
10000-near neighbours:
1538
2002
560
3495
9591
8938
9238
1751
4002
8942
8322
5323
1741
4293
6400
954
808
543
3713
6317
7354
1706
4772
1163
8970
3180
8397
3018
913
9230
5255
5825
6593
6761
5952
6673
3805
8747
7213
7928
9110
2864
6259
5665
4971
3845
1969
7751
1912
1258
2487
6307
182
9079
5064
8965
8997
8288
8246
4987
6417
8244
1587
9306
3383
6218
5697
5944
5464
6270
8183
5832
6875
1995
4576
1119
6129
Query: 14
Nearest neighbour-1: 4923
distanceLSH: 328.655
distanceTrue: 244.677
tLSH: 0.645517
tTrue: 2.25809
10000-near neighbours:
4923
1857
4239
2850
2039
277
3229
3895
734
3654
6900
9753
1646
6153
3393
1369
8922
6209
9865
773
1967
3302
6881
3242
704
1813
2370
2239
3125
6252
3069
7531
524
8007
5553
9410
7569
3630
46
6375
5518
7276
4770
1693
3058
9255
9945
7019
2124
3946
1640
520
6885
8523
3050
5855
3151
267
9700
6875
8216
2429
815
4914
2442
7201
6303
4207
1925
2502
4504
405
5302
5463
7137
936
7759
6741
6430
Query: 15
Nearest neighbour-1: 6235
distanceLSH: 324.768
distanceTrue: 273.317
tLSH: 0.645517
tTrue: 2.25809
10000-near neighbours:
6235
9893
3434
1809
6748
4485
3233
120
5960
4830
9513
4596
1525
4409
794
7152
3670
9944
6325
4093
1012
6557
6774
7452
3245
9318
7204
2261
348
4498
1927
4439
2647
8955
3511
9510
2503
1975
3854
8424
6214
4515
8560
1688
3158
8484
97
329
7190
9250
8860
7318
7628
6834
Query: 16
Nearest neighbour-1: 3643
distanceLSH: 306.065
distanceTrue: 253.683
tLSH: 0.645517
tTrue: 2.25809
10000-near neighbours:
3643
4465
9846
1378
9258
4952
9398
3892
5007
3281
4744
1791
4853
7851
7262
2813
5302
6339
8896
18
1651
737
8682
9321
1377
6526
5834
4652
2682
7682
5930
8873
4403
9301
5012
2905
6178
5562
6764
4487
2310
9369
4185
4102
6312
9001
3211
8944
4528
2889
8652
7342
371
1468
2439
8447
5915
5780
3114
5491
7892
9926
1778
7703
7151
7935
4644
7634
Query: 17
Nearest neighbour-1: 1685
distanceLSH: 321.591
distanceTrue: 248.2
tLSH: 0.645517
tTrue: 2.25809
10000-near neighbours:
1685
9735
4153
1991
1991
9444
7353
4446
3568
8560
9738
3405
7396
1368
7392
8426
915
9653
3720
8942
2193
8543
6207
3221
8625
6197
2144
8280
6178
6672
3636
6476
6143
8986
4082
1837
3604
2848
8827
8302
956
9773
5242
1515
2342
3064
1656
624
70
8102
725
1473
3049
5990
8119
7118
9842
4490
9108
2195
4678
6744
5166
705
4572
8225
6823
6462
Query: 18
Nearest neighbour-1: 4003
distanceLSH: 315.945
distanceTrue: 254.635
tLSH: 0.645517
tTrue: 2.25809
10000-near neighbours:
4003
3066
3753
3588
615
5375
5308
2087
8654
3283
2003
9615
3557
618
2455
3917
7111
7369
8242
402
1031
9681
6168
5231
7532
3510
4057
8865
84
6128
5223
9120
8615
8783
7869
6719
4974
447
2014
556
9146
2390
2297
7604
6938
3348
501
7966
7965
8287
4308
6275
8610
2996
7773
6811
9173
9872
6628
6304
5403
4852
73
213
1289
6301
4479
2714
7967
7732
5407
5527
4606
Query: 19
Nearest neighbour-1: 9169
distanceLSH: 639.745
distanceTrue: 266.889
tLSH: 0.645517
tTrue: 2.25809
10000-near neighbours:
3147
2253
3359
2919
2713
8138
4779
4594
9320
1872
5144
8380
1959
5178
8576
6903
723
5130
3031
5912
9896
1300
4719
2433
6504
8399
2712
7876
4149
4460
7216
8240
9079
6634
9187
4893
2194
8310
3607
2144
6991
3804
9281
5200
1162
5645
2631
1929
4246
2526
774
345
9609
2730
6186
6860
7424
2457
6654
493
2868
4039
4429
1669
761
5496
1553
6783
7521
2678
979
6113
5915
3551
6166
9829
9469
3589
3027
1244
9756
4968
108
2098
9169
6859
6412
469
Query: 20
Nearest neighbour-1: 6564
distanceLSH: 343.456
distanceTrue: 224.751
tLSH: 0.645517
tTrue: 2.25809
10000-near neighbours:
3549
1808
2328
4264
4254
4611
6564
2740
2974
2845
4126
5706
201
2458
8405
676
8548
7357
9194
1934
6175
6487
9680
999
2438
885
2417
517
8451
794
6795
2752
6068
846
4047
5758
3932
3256
2216
5438
1083
2964
1978
957
1756
8635
1257
861
308
8764
4043
9307
7967
5906
4316
2869
8798
4863
9717
8589
6231
7726
5330
4466
5009
9561
8722
4563
4830
Query: 21
Nearest neighbour-1: 5649
distanceLSH: 290.336
distanceTrue: 192.984
tLSH: 0.645517
tTrue: 2.25809
10000-near neighbours:
5649
3209
1611
5559
8097
1208
6796
8554
5640
6371
1215
2848
8984
1515
5783
4082
4490
3047
4410
5087
1473
8077
7324
6562
9108
8246
7512
9880
3091
8006
3596
7200
4678
6510
9331
6249
6408
2193
3405
4137
2078
9098
6922
2567
8289
8280
8625
7831
7085
7300
281
1164
7898
6725
8134
9390
228
488
1293
1087
6705
9498
370
1853
1069
4096
9341
1991
578
7396
1685
613
126
7760
2180
673
2606
9100
5655
9735
8222
4815
Query: 22
Nearest neighbour-1: 4713
distanceLSH: 232.459
distanceTrue: 80.8455
tLSH: 0.645517
tTrue: 2.25809
10000-near neighbours:
4713
5961
206
5910
4
6933
5158
15
855
5683
7291
6497
5076
1010
5912
5415
1413
5878
8092
8226
3702
290
5908
6553
5592
4769
5534
6877
1595
7498
5331
2216
2014
6271
7269
5913
5159
3314
7924
6996
8436
8179
4240
7755
7294
6419
3879
531
7070
9282
7954
3859
7771
2876
6967
699
6969
3699
9284
4217
9083
9777
289
6929
3920
3557
7508
9600
8473
3481
2205
8957
7378
4773
Query: 23
Nearest neighbour-1: 5322
distanceLSH: 221.348
distanceTrue: 173.052
tLSH: 0.645517
tTrue: 2.25809
10000-near neighbours:
5322
4662
4744
6107
5003
79
9105
6780
2911
880
4303
723
1
9601
9210
903
5245
4833
8416
4194
928
2471
2400
1539
5179
5492
3876
5125
9769
4887
2482
2298
5990
2341
6133
8541
1022
3089
7007
6125
3431
6193
7427
5648
8507
7363
8100
1765
7839
3808
2262
6427
1464
3190
6572
1309
3920
2414
3645
9858
1678
9584
5830
1619
5299
518
8021
1617
9295
1711
9425
3402
322
68
6221
8596
Query: 24
Nearest neighbour-1: 5652
distanceLSH: 312.69
distanceTrue: 253.941
tLSH: 0.645517
tTrue: 2.25809
10000-near neighbours:
5652
1466
4910
1393
1278
5687
5088
1756
1488
7400
4970
4604
6171
3327
1474
9024
7891
2593
1337
3000
8373
9195
3447
6917
7734
4275
3772
8004
385
9875
9118
7260
4454
5938
764
7322
8525
8305
8025
2305
7637
2164
5192
3363
84
1141
5255
5680
2571
5314
2479
9262
9878
2302
6901
6326
9816
6468
7846
4089
1728
2361
8583
7919
8118
3136
7636
340
9972
7397
9149
6522
6629
Query: 25
Nearest neighbour-1: 1988
distanceLSH: 645.381
distanceTrue: 154.227
tLSH: 0.645517
tTrue: 2.25809
10000-near neighbours:
5568
586
9383
9885
4680
8700
4805
4303
6702
888
9
2622
190
4689
4780
5703
5109
2207
5567
2657
3598
9488
2555
9748
9208
4031
8095
9466
9148
5701
8245
1114
513
6583
6222
8038
6343
3801
5150
3988
6269
7719
3099
4751
3295
7838
40
1634
4399
795
6486
6705
8251
8995
7521
6965
5853
9486
9567
6614
1340
545
3560
9149
397
219
682
1988
3865
783
6446
9475
7235
4436
8584
8108
9580
5189
6333
4545
9630
511
127
Query: 26
Nearest neighbour-1: 4578
distanceLSH: 348.612
distanceTrue: 271.61
tLSH: 0.645517
tTrue: 2.25809
10000-near neighbours:
4578
5964
5610
3708
391
9014
4634
3520
3370
7048
6151
4873
1908
3663
3330
6886
5183
8481
2425
4994
2256
6744
815
4109
2621
2596
2339
1501
4820
8733
4596
2395
7673
8355
7801
1304
9974
7976
2841
7219
8729
7656
7955
7037
8157
3173
9442
9931
1880
1935
1874
5655
1628
9796
9652
638
3262
7692
1679
7099
2295
4412
5384
6999
Query: 27
Nearest neighbour-1: 4744
distanceLSH: 262.2
distanceTrue: 183.442
tLSH: 0.645517
tTrue: 2.25809
10000-near neighbours:
4744
79
5322
5403
4662
872
5162
7365
3424
767
9560
6632
5179
1655
4566
3817
6410
4303
7007
5990
4833
8079
2122
5137
7891
7682
3271
7699
5077
5298
7308
4834
5405
2095
9882
9922
4887
3932
7869
9181
7493
8324
3477
2914
1283
4066
7832
7117
4200
6723
7645
1316
5299
2192
7103
518
2414
5830
9858
8224
1678
1711
3645
644
3402
9681
3225
1710
9295
9425
232
1806
6631
9461
9194
Query: 28
Nearest neighbour-1: 2874
distanceLSH: 290.758
distanceTrue: 175.516
tLSH: 0.645517
tTrue: 2.25809
10000-near neighbours:
2874
1003
1587
2983
637
9513
6290
8253
5640
582
7409
3052
246
970
4925
1547
4458
2848
7638
896
4795
2587
1576
5226
3781
5630
9548
4986
5001
3946
7546
8588
5790
5847
2454
6188
2547
8475
4393
7795
6995
7868
7020
5803
7419
5533
8791
5021
5296
5152
965
2946
9427
7505
9642
7232
3895
826
6765
3097
9034
1118
600
7613
8484
2924
1752
8892
5467
4426
820
8998
1989
451
1125
3785
5690
6649
7391
9131
7548
4859
8316
6183
Query: 29
Nearest neighbour-1: 4490
distanceLSH: 297.993
distanceTrue: 224.86
tLSH: 0.645517
tTrue: 2.25809
10000-near neighbours:
4490
4305
4854
4739
2482
4982
6892
4661
5297
893
874
9027
9144
1394
2481
5338
6704
3846
5707
9166
4393
9086
9913
5635
4121
6811
8980
5434
9789
3202
7451
8402
2530
9634
7929
4422
6708
2898
5507
944
6764
2802
2976
6570
663
7894
8125
1567
617
3620
1599
9670
5798
3920
9644
3720
5955
8604
631
9981
5106
9632
9622
6971
8115
3196
6285
2935
6190
9782
9652
1389
Query: 30
Nearest neighbour-1: 4861
distanceLSH: 438.886
distanceTrue: 125.379
tLSH: 0.645517
tTrue: 2.25809
10000-near neighbours:
7675
6526
6755
1314
5971
6924
2142
5577
3662
7543
7807
8650
3486
4861
5834
4334
8915
938
2021
9042
1173
9920
4981
6994
2426
4791
4766
6239
4535
779
5365
5118
6430
1478
6619
4866
8793
4083
7045
6116
2149
3798
8247
5367
7226
5985
4056
1429
7872
8582
8429
3869
9369
9183
1739
2675
9376
9704
2174
2280
9057
8773
7065
3154
3211
2510
6698
819
9908
8388
5392
3413
600
2421
1459
4075
4380
8535
1371
1679
9374
4276
1240
6974
438
7341
9925
7062
8752
8233
Query: 31
Nearest neighbour-1: 4728
distanceLSH: 324.671
distanceTrue: 265.377
tLSH: 0.645517
tTrue: 2.25809
10000-near neighbours:
4728
66
6518
7631
2810
9299
5219
2660
4077
888
202
7574
2956
768
2682
7312
6555
5418
9270
7720
7568
4834
3194
7966
9135
3644
2610
9231
7779
3500
6812
5294
1631
1560
9821
8335
7381
6329
9894
9800
6488
2015
7708
264
2843
7916
4069
9089
1316
6945
2784
3842
2233
3929
26
1086
4301
9989
2320
7791
6864
2125
7185
7810
2409
1013
6837
9716
8967
195
1097
4746
178
5987
5765
6010
6799
5039
Query: 32
Nearest neighbour-1: 2324
distanceLSH: 318.79
distanceTrue: 109.192
tLSH: 0.645517
tTrue: 2.25809
10000-near neighbours:
2324
8862
6034
6266
7422
5003
389
7363
5345
5979
3358
3253
1743
9922
105
6276
7564
2226
1882
1727
4288
5200
5571
3848
8075
9893
8684
3236
9007
653
3819
8902
959
8218
7095
7782
3488
8746
5930
409
8145
8205
6368
3363
4937
8129
5098
3300
4291
1167
2566
7662
1165
7861
2465
6139
217
8968
261
2933
9296
8648
4439
1794
3125
9712
8643
1835
685
5277
9607
9662
6393
9335
7081
Query: 33
Nearest neighbour-1: 158
distanceLSH: 334.583
distanceTrue: 187.563
tLSH: 0.645517
tTrue: 2.25809
10000-near neighbours:
158
5010
4316
6933
3661
705
6331
4694
9518
3962
2444
2076
2326
9986
1332
8106
7218
2178
8937
1265
2894
9720
2430
881
1976
814
54
5102
3023
8677
1920
5155
8886
8079
2047
6240
6584
2267
7865
1376
573
8016
5796
9842
5789
7128
8395
6367
7160
5812
8593
5713
6164
4322
9069
1308
3889
787
538
5185
9158
3976
2530
862
8081
8767
4249
788
7369
2472
1754
3244
4297
8694
9607
7379
5539
1670
2528
2464
8637
8426
3118
983
303
527
6281
201
9861
5038
9457
81
1101
9605
9100
1900
4231
2418
Query: 34
Nearest neighbour-1: 6564
distanceLSH: 423.155
distanceTrue: 328.279
tLSH: 0.645517
tTrue: 2.25809
10000-near neighbours:
6564
43
898
4264
2246
6175
6638
1028
6358
4126
1389
1200
2786
100
7392
2629
6387
4254
2067
9834
4182
3030
9067
4799
7359
2458
1288
1242
8587
9158
3597
1364
9680
999
7560
2438
9061
6588
1872
2683
2341
3902
1083
4284
861
2216
6068
7813
6932
2921
7594
4719
3758
6996
5438
7
5486
9017
8474
5072
2501
968
7429
8103
7512
7724
1040
753
1755
3468
640
846
8589
9246
4887
6177
7431
936
5017
8661
5161
4466
3240
8722
3623
8791
6457
2911
4854
5651
Query: 35
Nearest neighbour-1: 4497
distanceLSH: 291.685
distanceTrue: 248.554
tLSH: 0.645517
tTrue: 2.25809
10000-near neighbours:
4497
6521
5224
8249
971
4739
8665
1839
4854
4964
9819
4305
1394
4947
919
8828
1720
3176
2949
832
4974
1725
5771
8271
4948
5117
888
2481
5511
8466
3304
4808
247
5635
4950
6420
3846
9846
8436
5973
7715
5016
4061
7012
1428
4153
6764
3809
3950
9567
3426
763
8968
3491
7881
2685
9578
849
6800
8427
981
4343
9133
487
9650
4076
6570
3163
9782
6285
9632
449
9644
9649
Query: 36
Nearest neighbour-1: 3393
distanceLSH: 342.028
distanceTrue: 120.975
tLSH: 0.645517
tTrue: 2.25809
10000-near neighbours:
3393
8366
2514
8044
3886
4247
8689
1752
3201
2821
9631
9452
6761
8681
2571
9391
7505
3907
8448
8892
3368
820
5480
8107
3198
6183
9754
5467
1066
8484
4224
8998
9968
1855
4426
7489
6765
9154
4196
7548
3781
6539
6858
4355
7994
1838
6787
3255
4925
214
7563
5063
8402
2244
52
9006
5790
399
3404
2983
4986
8698
2257
6748
8152
6170
2874
336
6046
7981
4497
7581
873
4916
6097
9104
8650
8319
8445
8039
Query: 37
Nearest neighbour-1: 2439
distanceLSH: 397.527
distanceTrue: 111.459
tLSH: 0.645517
tTrue: 2.25809
10000-near neighbours:
531
1716
1514
3114
9803
1280
4280
2020
2439
8325
4102
8922
8694
7151
7954
3065
674
4687
9348
7271
316
5269
5815
6199
9331
7402
7892
8224
9462
5920
3648
1258
4347
5930
4335
1357
512
9956
2601
1105
4148
6925
6696
3281
1305
1376
5750
3772
9217
5641
9253
9003
9846
6173
1568
6439
1322
706
7812
8519
4731
1659
9398
6848
9258
4312
4481
Query: 38
Nearest neighbour-1: 5815
distanceLSH: 350.347
distanceTrue: 166.856
tLSH: 0.645517
tTrue: 2.25809
10000-near neighbours:
5815
2963
8025
6468
3242
3511
7641
3590
6229
4447
340
3136
704
9886
9865
6318
3058
2281
7954
3363
8940
7271
6209
5269
4280
1829
6865
6942
2885
8004
1574
5192
7318
9348
4262
1258
4335
7817
1425
5938
3946
5553
7531
3447
3772
9410
5177
9136
6144
1474
7137
911
1357
4260
9462
1756
1137
9397
9118
815
8678
6430
6848
366
5463
4731
6828
2941
7347
8216
3326
7759
4481
7469
4312
8523
4824
5851
1278
6917
4910
2875
5652
Query: 39
Nearest neighbour-1: 5415
distanceLSH: 347.797
distanceTrue: 156.359
tLSH: 0.645517
tTrue: 2.25809
10000-near neighbours:
5415
2727
6684
7812
3164
9880
8467
334
3733
865
9358
3236
4784
6816
113
2833
5273
65
3348
9314
9271
605
6996
9246
6508
9051
306
3077
7529
6861
5986
7947
6094
7677
2718
6454
7880
3615
1031
1367
7116
3145
1485
3554
8890
9928
7894
4271
6166
420
1866
4380
1341
9500
3531
9658
6333
8150
157
2436
2736
4467
412
1729
2494
9637
6783
9889
7131
3734
7172
6835
2362
7489
5518
Query: 40
Nearest neighbour-1: 8892
distanceLSH: 628.442
distanceTrue: 193.977
tLSH: 0.645517
tTrue: 2.25809
10000-near neighbours:
5746
5828
7982
8112
6988
8482
6598
6735
8807
4961
8472
4652
875
7938
6529
7687
5703
6518
2519
1261
7948
6379
5166
5166
7750
379
8303
2487
5113
4903
5154
4934
4308
6755
7498
6169
4071
7647
7622
6995
6273
9206
6163
6975
2215
9088
6544
6392
7315
3798
2290
3557
9382
6571
7492
2631
8892
735
2130
9552
350
2756
1187
8850
2263
2591
6843
6327
4169
1519
3316
1201
1788
9111
136
6798
9234
7915
262
3840
Query: 41
Nearest neighbour-1: 1641
distanceLSH: 335.428
distanceTrue: 153.564
tLSH: 0.645517
tTrue: 2.25809
10000-near neighbours:
1641
765
7690
3970
4562
9563
4670
375
715
1137
5761
767
4491
7583
8528
7410
9339
6105
3924
4935
4758
4407
6556
3555
1392
5405
6733
1346
6342
2593
9586
4894
5996
9479
6804
7248
7647
7393
4423
2734
4175
1242
3540
6973
1480
870
4302
3797
3354
6337
372
1318
9851
6220
7752
6079
7099
9490
1177
218
4456
5617
6778
7490
1176
1092
7179
5954
639
Query: 42
Nearest neighbour-1: 5753
distanceLSH: 352.694
distanceTrue: 200.494
tLSH: 0.645517
tTrue: 2.25809
10000-near neighbours:
5753
8543
2775
1931
6654
3231
282
1784
7896
9343
2907
9422
1239
8892
1994
2175
5842
230
5725
9683
8281
5591
7839
6686
7119
4955
8472
3365
773
8671
8629
8851
3501
7884
9943
7925
7150
4152
573
8996
6707
1083
1862
51
6925
967
8561
1568
8142
3727
5030
4228
6923
4466
9431
2168
5855
7158
7139
1196
9998
7312
9464
5925
5208
8359
5069
4673
1663
9597
Query: 43
Nearest neighbour-1: 5163
distanceLSH: 314.479
distanceTrue: 236.772
tLSH: 0.645517
tTrue: 2.25809
10000-near neighbours:
5163
2512
720
2726
435
4593
9383
2195
3369
4555
1723
8036
5707
5541
6853
1512
4849
5025
1649
5738
8673
1135
8992
4027
1645
8979
4331
9961
224
295
3817
1951
1351
1908
7494
1190
3377
8373
7455
8450
7147
6789
6617
8339
4671
5332
4169
6106
9278
4998
5310
2379
1632
7636
9111
2717
6387
8909
8012
5193
4102
2531
1353
2945
6898
7226
3215
4344
2125
1696
3399
5036
3878
3896
8239
9840
2649
5854
2969
5952
9555
8185
402
8433
7384
6053
3680
5891
603
5686
8772
3443
2742
483
9713
6999
Query: 44
Nearest neighbour-1: 86
distanceLSH: 314.781
distanceTrue: 165.339
tLSH: 0.645517
tTrue: 2.25809
10000-near neighbours:
86
176
1726
118
4204
3374
1171
8778
3045
2858
2828
5751
5719
2984
7015
3732
5989
9495
1881
7738
6955
3900
3168
3192
8958
7877
3274
8476
8121
7676
2015
2669
1530
6748
1000
5547
8145
6095
9361
3362
6709
2962
7980
2266
3656
8824
3685
2694
6073
758
9494
2490
9787
261
8317
2775
9862
6374
2543
338
607
8847
2377
9795
5263
9577
7030
9917
8931
9264
5259
5890
7043
1888
6296
4746
4579
6082
6421
8533
5603
Query: 45
Nearest neighbour-1: 9957
distanceLSH: 300.568
distanceTrue: 256.353
tLSH: 0.645517
tTrue: 2.25809
10000-near neighbours:
9957
47
1125
3111
9039
1320
282
1053
4104
2590
4002
2733
1753
2627
9923
2330
260
2604
7278
1763
5794
8470
6359
6941
5256
886
7629
5763
6075
6601
7588
5414
7443
1083
5333
809
7474
825
5772
2819
7279
4352
1658
7794
7159
6695
1380
3532
9315
3771
4947
1563
4085
3058
8960
7871
8634
1873
3034
7261
3548
6009
1301
358
3866
3038
3775
7678
635
180
6658
4601
8452
5358
4685
9556
8159
4314
7544
9870
4706
5896
6986
6398
7049
5880
119
6435
4478
5322
Query: 46
Nearest neighbour-1: 6456
distanceLSH: 304.478
distanceTrue: 261.362
tLSH: 0.645517
tTrue: 2.25809
10000-near neighbours:
6456
9247
8392
5379
5145
5567
5811
5252
1743
5321
4642
4798
5821
1
8071
8132
5301
2471
4616
4661
1084
9040
7731
4758
7619
203
1361
2536
9495
5533
8573
8789
7261
8103
4460
8153
9391
8704
6395
7858
1417
4697
9189
4414
5935
5599
617
532
682
6121
6512
3697
699
1246
3407
8438
2572
9622
4859
1037
1812
27
5119
8290
9508
2723
8918
5810
134
9836
9574
5270
8057
5066
5067
Query: 47
Nearest neighbour-1: 6283
distanceLSH: 319.28
distanceTrue: 99.6293
tLSH: 0.645517
tTrue: 2.25809
10000-near neighbours:
6283
4579
6821
3472
8805
8070
7293
7968
9760
2414
4159
1699
1238
3400
3248
3356
1139
9984
5305
1557
2043
9479
1311
2304
7370
8776
8320
7657
8027
1033
8545
7011
2161
3366
6549
4294
9451
1849
3126
4758
6152
6794
8889
1460
7113
1338
5635
6003
670
8759
448
8165
5176
1722
2712
7647
5873
3596
9767
8665
8202
8512
729
2143
2595
2008
4873
116
1884
1435
2269
4391
752
3274
5716
5716
905
7590
4826
7928
2556
5044
3732
5006
6391
3768
5785
5265
4610
Query: 48
Nearest neighbour-1: 6464
distanceLSH: 376.388
distanceTrue: 294.394
tLSH: 0.645517
tTrue: 2.25809
10000-near neighbours:
6464
2907
2775
5728
9741
2993
826
2970
2309
8195
2798
1664
7520
995
2871
578
1853
9642
7630
7770
5228
5021
3678
6962
7391
5690
3152
340
4393
8425
3570
8204
7613
7080
6297
6142
7868
7655
3431
1883
1278
2987
967
2587
5030
8178
9464
1568
594
3280
2168
1587
1862
7312
2298
9871
7138
7772
7183
6923
3980
4561
1290
8253
8055
9254
8359
8197
7997
2896
5139
5296
1663
7431
9499
Query: 49
Nearest neighbour-1: 9556
distanceLSH: 345.336
distanceTrue: 155.763
tLSH: 0.645517
tTrue: 2.25809
10000-near neighbours:
9556
6521
2428
4974
3176
641
3341
994
1909
1725
1720
4497
1275
8665
4636
1526
3817
4190
70
163
3892
888
3545
1216
5511
2661
3251
1207
9362
6918
1662
7808
2758
7989
4205
7583
832
8004
7738
3164
1663
771
2949
1643
8415
3304
9846
4950
247
4488
2205
3163
8765
6420
5373
3899
3491
6284
17
6075
5924
1772
5973
1579
4612
5725
5740
5360
7092
1514
5793
2409
9090
3898
4172
3919
6769
9566
3365
9851
7378
6683
Query: 50
Nearest neighbour-1: 8459
distanceLSH: 320.415
distanceTrue: 128.783
tLSH: 0.645517
tTrue: 2.25809
10000-near neighbours:
8459
8719
1508
855
5158
4686
2481
1958
6365
4861
19
4808
1398
2951
1234
9919
359
1122
3203
7829
1584
4932
8093
5965
387
4615
4197
4804
4047
3571
2015
9121
3352
9481
7205
7818
4198
8355
5440
5362
7615
6906
2403
8101
8530
7561
5204
3467
7161
1934
8929
8128
9791
1051
5036
3451
9535
8675
4437
77
4399
1541
9427
1849
7215
3002
2505
8509
7115
667
9795
1266
8366
5968
4438
1458
9286
6004
9916
9839
1505
99
4922
7934
Query: 51
Nearest neighbour-1: 7555
distanceLSH: 657.56
distanceTrue: 181.141
tLSH: 0.645517
tTrue: 2.25809
10000-near neighbours:
1826
3046
751
4489
5860
6302
1779
2903
3956
4753
2884
5620
4835
7265
7258
4863
3486
9707
8983
8977
2895
3004
7432
3828
3334
9051
9479
4675
8182
6364
9748
5551
8203
8756
5268
6622
7799
2405
8796
8929
5020
7657
8702
8517
9011
1667
3205
2928
3639
2285
2266
8930
7890
6185
4273
4015
1513
7862
8748
5927
848
718
1445
2589
9205
8769
9021
3277
8491
9712
3412
9405
201
282
8371
341
5581
7555
3454
8668
1193
2822
9827
5239
8614
7392
7825
5953
Query: 52
Nearest neighbour-1: 2508
distanceLSH: 555.137
distanceTrue: 130.813
tLSH: 0.645517
tTrue: 2.25809
10000-near neighbours:
7191
9297
7026
2488
4935
8269
5495
2402
544
6172
2981
1440
4463
8216
880
8036
7920
3001
725
4392
1040
8589
344
1965
3572
1345
5326
3780
8331
5487
2692
1770
7732
9968
2508
2048
1928
6049
3172
3606
4474
2884
3067
4987
5364
6703
7089
7301
6295
7913
3322
8385
9898
3558
4257
4130
8640
8537
5722
1220
6540
3412
7349
8292
3156
441
6620
9766
7131
9734
8275
6842
Query: 53
Nearest neighbour-1: 263
distanceLSH: 659.868
distanceTrue: 198.776
tLSH: 0.645517
tTrue: 2.25809
10000-near neighbours:
6779
5558
4777
8721
5169
4774
4992
5795
9270
2423
4642
5261
902
8175
3802
719
6635
3036
7330
3593
7434
3703
1057
519
1966
8636
3848
8111
8936
5258
4441
8332
2360
4791
9722
6603
2339
5406
5942
1869
3879
5728
1973
3313
5935
1999
4065
8086
6127
2279
8464
5637
2694
7992
1245
2166
7377
5693
1294
3068
9750
263
7600
7837
2307
1628
8947
687
5923
441
9923
2853
9596
Query: 54
Nearest neighbour-1: 5912
distanceLSH: 322.456
distanceTrue: 194.178
tLSH: 0.645517
tTrue: 2.25809
10000-near neighbours:
5912
9707
7265
5200
8996
5965
3702
5675
4365
7346
2727
8983
8552
1442
3828
2230
8380
8977
473
9187
3726
3763
5268
5945
2712
2712
2433
4837
3487
5645
1300
8517
6854
5469
2592
6899
8661
8576
8203
8205
7107
1162
2194
5642
8796
5284
8247
2144
2054
9439
1669
5020
6313
5841
6062
913
4457
2266
8857
345
6295
6468
7862
6783
6113
6859
3027
6044
8752
3551
3683
282
2608
9169
341
3412
5581
4598
607
9754
1542
5039
7172
Query: 55
Nearest neighbour-1: 5693
distanceLSH: 285.596
distanceTrue: 159.308
tLSH: 0.645517
tTrue: 2.25809
10000-near neighbours:
5693
6093
8845
7369
7601
1579
6346
4203
7090
4273
508
8614
8668
3205
1667
2043
317
6055
4096
2822
3413
9827
1963
5239
2384
2741
8157
3212
2742
9645
7096
1267
201
7293
7249
8586
1760
9148
7657
6257
6721
1192
2839
5929
8428
6871
2315
9240
1591
6124
3604
9221
7476
8927
7128
7448
2461
8746
7205
1879
7287
751
6388
690
3964
7258
4842
17
582
2800
9297
6090
8504
4677
1115
3046
9333
7191
4835
5701
8338
8246
9728
9821
6029
4402
Query: 56
Nearest neighbour-1: 9119
distanceLSH: 305.966
distanceTrue: 184.043
tLSH: 0.645517
tTrue: 2.25809
10000-near neighbours:
9119
6168
9887
9834
7796
898
7769
9606
9598
3646
3527
2117
6550
9626
3125
3645
6475
131
1464
8547
1885
3042
9985
9322
9794
4141
9404
5677
4048
1410
6133
6195
2064
5128
4881
3173
4888
8934
8269
9132
7497
1210
8467
5238
4473
1356
9329
6452
6320
9700
2086
5234
554
3866
9618
8581
7811
91
4232
652
778
7045
6431
4659
234
4582
5379
8906
Query: 57
Nearest neighbour-1: 4664
distanceLSH: 248.071
distanceTrue: 190.735
tLSH: 0.645517
tTrue: 2.25809
10000-near neighbours:
4664
4777
7643
334
334
4806
5321
6657
357
3963
1004
9041
8894
5287
4434
1745
4114
7972
5293
9961
7217
6872
1356
4228
7007
5169
6118
8987
9997
6059
5558
1977
1380
6703
1828
6785
6662
3767
7580
7562
9036
5352
5474
9065
8971
4028
3639
1971
9367
1941
9424
5175
2666
2940
9476
2719
7234
8367
790
1736
7609
4838
2320
8220
2061
1786
1108
5232
799
6674
9759
1777
4516
511
806
4545
9573
Query: 58
Nearest neighbour-1: 2961
distanceLSH: 292.604
distanceTrue: 167.147
tLSH: 0.645517
tTrue: 2.25809
10000-near neighbours:
2961
2579
6455
3947
3516
2007
3458
2415
862
4488
2251
6678
1706
9533
6080
8001
6832
6146
302
8653
7231
3773
1448
1453
5036
2041
8514
8644
9113
7111
3826
6003
5700
8276
8178
2656
6634
8103
461
5580
1977
7680
9074
3642
964
1222
519
4987
766
2335
7159
5265
3867
4867
7690
5664
4848
5336
4983
1060
7168
434
7949
2916
5251
1208
8521
7783
6732
6430
876
2058
7850
6294
5863
4646
Query: 59
Nearest neighbour-1: 5665
distanceLSH: 375.739
distanceTrue: 65.7419
tLSH: 0.645517
tTrue: 2.25809
10000-near neighbours:
5665
8365
6254
8170
9434
79
8058
9884
3771
4013
5114
3217
5628
7511
8053
3447
87
3463
7344
6823
8927
1114
634
8099
5729
6372
5964
5441
9976
6881
8225
1656
6086
9769
9704
2644
1609
6681
5208
9233
6548
1306
5996
6694
2722
6686
6313
3511
470
4193
8593
2513
6676
7588
5231
8817
574
3121
3344
568
6706
8390
7405
3553
5678
3215
9912
7133
1148
1293
9183
8454
6810
9923
835
7729
1282
9323
3862
3418
7383
9002
9667
1534
7539
9514
6184
9713
6194
Query: 60
Nearest neighbour-1: 5603
distanceLSH: 307.093
distanceTrue: 114.416
tLSH: 0.645517
tTrue: 2.25809
10000-near neighbours:
5603
6536
5356
7552
9902
9861
538
1831
2026
7955
2711
3296
4292
3394
9632
6540
4315
1834
189
3363
5141
1404
3578
2489
661
7716
2273
587
9735
3471
8387
1705
4281
5726
8574
506
1074
2166
6253
9149
8165
6620
6860
9689
354
5807
597
5980
7079
447
3233
1154
2332
1644
5909
5649
5784
7642
6424
8973
234
3011
3306
4655
9259
8624
6352
3890
114
2989
4761
5180
2207
5391
8399
4233
4094
596
7963
4508
4736
5138
8414
1826
9221
9854
7434
Query: 61
Nearest neighbour-1: 9547
distanceLSH: 331.783
distanceTrue: 170.309
tLSH: 0.645517
tTrue: 2.25809
10000-near neighbours:
9547
4592
4314
7458
9819
3672
8619
1891
7805
3547
6506
5439
2189
6701
4460
6802
8612
5625
8177
8343
5664
2555
4036
292
72
164
7638
6259
8853
2870
5733
3271
6927
9798
2284
3333
4683
4492
1858
3146
2143
7654
6035
8439
8218
7689
6959
8299
2069
8513
9065
3400
858
2971
2056
3891
2844
9656
6071
438
8023
2824
9781
5831
5798
5149
3992
8027
6993
8425
6244
271
9631
4439
9834
8082
3153
Query: 62
Nearest neighbour-1: 9854
distanceLSH: 308.034
distanceTrue: 140.357
tLSH: 0.645517
tTrue: 2.25809
10000-near neighbours:
9854
2336
1602
7423
4721
6335
2658
6440
4753
1357
5145
6347
8811
6267
5861
5023
15
6384
7256
4479
8590
3730
5007
5236
5879
5154
6047
2426
3848
4173
589
268
3671
1399
4107
9914
8982
1650
4334
7664
5786
8268
1085
6957
6302
7501
1904
4835
3185
7570
5424
5959
7429
7559
7715
9034
3943
8293
9710
4019
7645
1284
7831
6966
2215
3030
1803
1856
8242
9162
9323
2900
2362
301
7492
6214
3212
4265
8233
2151
6834
9715
7336
3527
8668
9796
5618
Query: 63
Nearest neighbour-1: 7464
distanceLSH: 330.872
distanceTrue: 131.651
tLSH: 0.645517
tTrue: 2.25809
10000-near neighbours:
7464
9869
7125
6344
8404
5058
6812
5957
5597
4509
114
1673
9164
8475
6463
9623
9096
4698
333
7177
1798
3946
4982
5561
6298
3480
9415
2322
4440
4560
1531
9939
2814
2789
6920
8817
6051
2982
395
1672
3499
7909
7724
1902
8209
6894
4909
5203
9067
5532
2497
7164
4037
1007
2792
5457
7278
6974
1757
5506
2371
3453
7162
3738
1789
408
4281
1308
8402
6017
8709
1096
2278
7722
6517
1943
5401
4252
7853
7197
Query: 64
Nearest neighbour-1: 8752
distanceLSH: 651.388
distanceTrue: 94.9158
tLSH: 0.645517
tTrue: 2.25809
10000-near neighbours:
8704
865
9467
2536
6384
5616
2803
1361
2790
6405
7778
3217
9932
9817
4743
7573
2076
2270
4154
9601
8760
1916
3742
4879
5251
1457
9688
9107
6802
1260
4970
7579
3282
765
7667
1550
5200
7344
2407
44
1942
2020
3655
8844
1710
3302
1460
9280
285
2214
1572
8948
4257
851
3789
5041
5867
1751
8740
8752
1455
452
7555
2435
2634
3148
761
3588
8510
8213
82
9651
6213
5227
Query: 65
Nearest neighbour-1: 5546
distanceLSH: 259.609
distanceTrue: 138.275
tLSH: 0.645517
tTrue: 2.25809
10000-near neighbours:
5546
9110
1827
2343
2615
1720
1891
5641
5903
7059
909
3981
9195
2623
784
1673
1746
725
8000
4509
7408
9696
8882
6271
205
2613
837
3615
2366
9689
9153
9267
7101
7222
931
8276
7551
2091
6987
4026
3241
3968
3516
5669
8232
3744
990
263
5444
2743
4254
1761
504
7285
9478
9391
496
4336
9331
3418
3810
1940
9189
1987
8967
4014
2369
9230
6568
2417
3597
2823
3117
2002
698
8510
6092
9644
7378
5858
6901
6393
Query: 66
Nearest neighbour-1: 7800
distanceLSH: 278.022
distanceTrue: 173.381
tLSH: 0.645517
tTrue: 2.25809
10000-near neighbours:
7601
2338
7800
3270
4286
9328
2909
1542
7176
7714
7379
4020
4097
7769
9520
6543
3118
9607
7249
2732
9000
813
7861
3955
4249
2464
2464
1581
4860
4423
9100
6099
926
3829
5677
5842
2111
174
3048
983
5394
8046
3244
1395
1992
4231
4197
2051
9151
7372
6843
5155
7938
709
6247
6297
6379
8147
9069
4211
117
8185
6535
1651
6089
5635
881
6870
7677
2552
9848
573
9385
8395
6342
9255
4817
4725
2430
6219
1601
Query: 67
Nearest neighbour-1: 8127
distanceLSH: 372.492
distanceTrue: 200.866
tLSH: 0.645517
tTrue: 2.25809
10000-near neighbours:
8127
8812
5338
9156
828
2772
3107
1060
1809
5171
7477
1082
169
3675
1718
58
1580
8407
4150
4573
1055
8795
8469
1613
4663
2582
2481
4540
9110
4785
9763
6923
2788
7210
5208
5381
4602
187
9365
8136
7387
2932
5848
3059
3659
5914
8427
6149
6939
7902
1595
4064
4115
1635
3619
9858
8573
6516
7151
3813
2104
2730
6942
8925
3554
6928
8057
5696
289
4007
8275
9018
2184
8768
9909
6667
3405
9263
3230
6010
4056
1157
5451
Query: 68
Nearest neighbour-1: 7537
distanceLSH: 271.52
distanceTrue: 224.225
tLSH: 0.645517
tTrue: 2.25809
10000-near neighbours:
7537
9304
365
9124
2215
7558
1471
3744
741
2591
8754
8918
6650
2060
5411
2792
2019
5599
1683
9838
7123
136
8850
9206
8514
1417
3595
2263
5793
5935
1187
5443
8267
3192
5746
3346
9200
6637
4961
1290
4482
9229
875
8414
7982
5154
8640
4035
771
7915
354
5703
8435
6684
6829
8016
7792
7188
2463
4934
6215
6995
4563
1902
1418
5113
3358
1261
8662
9224
358
1500
248
654
1961
6681
434
2501
5166
6690
2949
1178
2582
5684
Query: 69
Nearest neighbour-1: 8181
distanceLSH: 263.983
distanceTrue: 201.311
tLSH: 0.645517
tTrue: 2.25809
10000-near neighbours:
8181
4826
312
8989
5121
7269
931
7457
4212
2656
4774
3377
8105
9560
3434
4703
9401
6702
6032
5113
2546
7434
4812
275
4118
551
8263
1263
8503
2299
715
2985
5806
5951
5713
1667
9056
5363
6893
9015
3235
4200
2631
1847
2798
8162
3398
913
3751
2770
9228
9553
7846
3337
8413
5813
1621
6208
3241
8220
151
8207
3605
6858
916
3852
5348
8585
6897
2105
494
5269
5411
422
2175
4654
3650
3196
6161
1219
9124
7333
4920
Query: 70
Nearest neighbour-1: 4917
distanceLSH: 463.43
distanceTrue: 266.813
tLSH: 0.645517
tTrue: 2.25809
10000-near neighbours:
9186
60
4454
971
62
1394
5132
4997
3341
21
2038
89
6873
7330
2564
6424
5222
5031
5674
963
5535
6164
7731
188
2581
753
9896
8851
4917
1023
8127
3257
2563
4005
9988
6771
235
7701
2035
7082
6429
9245
3177
3489
4459
3968
7451
3287
7645
1093
6922
4999
1701
3636
8206
1255
1566
9290
4445
7066
2571
6841
9533
8893
7919
4429
9660
9642
7085
2074
299
6418
7277
5637
3082
3886
7383
8993
629
2491
9132
8347
606
5059
8487
6460
Query: 71
Nearest neighbour-1: 7485
distanceLSH: 236.169
distanceTrue: 46.8188
tLSH: 0.645517
tTrue: 2.25809
10000-near neighbours:
7485
4493
1703
1258
5749
6
5503
374
2671
6266
8755
2999
3208
8092
6091
5526
904
9793
3033
1580
5062
2536
1589
3900
8907
8253
1124
3676
4707
4194
3844
4847
964
3352
1410
3503
8756
7567
7156
1878
2058
5339
3970
9011
5826
3131
9960
2500
9892
5592
9214
2260
6949
795
6639
6705
924
3231
3061
4413
1139
3299
1242
8294
2760
9372
1379
4697
2238
1323
2321
3438
4503
3075
8731
5110
9705
1156
4112
3157
1302
734
3345
6592
7955
1535
629
6834
Query: 72
Nearest neighbour-1: 8439
distanceLSH: 359.113
distanceTrue: 193.675
tLSH: 0.645517
tTrue: 2.25809
10000-near neighbours:
8439
8223
3500
5737
5056
9062
8884
6342
1640
3503
7543
5711
4623
8268
4804
4288
3464
2830
5630
2094
8503
8227
7948
5176
8663
3644
4914
237
5492
9048
6861
803
4
2008
6815
8203
8345
2956
4091
648
8051
6754
8509
5648
4241
3131
5746
9336
8192
3386
5685
5893
7625
5884
8739
9679
9343
7890
3027
4414
9372
543
3123
7980
6314
4045
3081
8528
7681
7681
7300
1072
5607
1600
4325
8404
1205
9906
8628
947
9278
7104
7542
3186
5116
7105
Query: 73
Nearest neighbour-1: 7665
distanceLSH: 361.601
distanceTrue: 303.211
tLSH: 0.645517
tTrue: 2.25809
10000-near neighbours:
7665
392
2072
3661
4727
3189
3373
6449
5063
5298
2481
3876
4278
5719
3509
3708
9976
9026
5751
7145
278
7921
2752
57
9859
6557
1482
8381
4762
6907
8004
7976
6389
6325
7318
5654
8089
5362
1763
3552
3172
7452
2162
7657
6102
3773
3511
9463
6819
276
6834
6537
1212
2263
1559
479
1143
3114
4361
1927
3736
1110
1110
1687
6455
8424
3158
2852
8314
8353
565
1370
3720
4231
2527
6686
5227
Query: 74
Nearest neighbour-1: 2598
distanceLSH: 502.703
distanceTrue: 230.458
tLSH: 0.645517
tTrue: 2.25809
10000-near neighbours:
8498
4341
6478
5828
9586
2669
6437
3031
2875
4154
6916
3439
879
521
6136
2655
1648
1467
8759
8465
3452
5365
2789
934
2537
4688
9306
9805
6425
2598
5527
6816
9266
6621
8551
4692
2141
6950
9371
765
1350
6115
7037
6382
9152
1213
3126
2389
84
8710
3951
9750
8644
1229
8935
8887
1706
9213
3544
8323
2577
9867
9977
3136
3885
8251
8214
9648
3284
3909
3159
7713
6153
38
8532
Query: 75
Nearest neighbour-1: 2011
distanceLSH: 340.754
distanceTrue: 131.095
tLSH: 0.645517
tTrue: 2.25809
10000-near neighbours:
6416
4704
92
333
9723
433
563
6025
8973
1315
2011
3330
7136
3032
3372
962
2291
9820
8032
966
7701
7443
1158
8172
1106
9339
4472
9717
7002
9326
8856
976
3487
2819
3396
2773
7087
7321
2112
933
2930
5599
572
9222
2770
1195
7314
3098
7424
8248
2674
4247
8247
4446
6850
6113
2417
7231
2097
8361
178
2202
9111
429
7031
2736
9080
4896
8116
4799
Query: 76
Nearest neighbour-1: 2932
distanceLSH: 361.278
distanceTrue: 212.061
tLSH: 0.645517
tTrue: 2.25809
10000-near neighbours:
2932
5887
360
2699
6036
8183
6415
5011
5587
1636
5837
3805
6120
1732
866
4884
4758
6747
9110
7721
9922
725
5460
6328
9272
4048
6977
4161
5606
8315
9059
5323
8458
3060
1451
9614
7117
9078
3540
8345
2439
3495
885
7287
6198
1228
2883
7670
7620
1880
8298
9453
1866
2002
8942
283
2042
6442
4645
3875
6810
2929
9637
1538
1538
8970
3467
200
1364
6317
9711
2235
1936
7591
6673
7296
673
271
82
9682
8667
603
9230
6646
Query: 77
Nearest neighbour-1: 2806
distanceLSH: 280.836
distanceTrue: 251.257
tLSH: 0.645517
tTrue: 2.25809
10000-near neighbours:
2806
2205
3653
8473
7856
3190
7841
7873
6284
1991
6982
8352
9064
3005
2575
420
4486
1842
5618
3885
5375
9600
171
3874
939
1894
1939
1073
2421
2854
300
4773
5415
5102
4070
3022
5534
8435
4279
9882
8914
5010
708
6384
7018
1413
3792
3433
9174
179
5331
9397
596
2789
1818
4508
6103
7269
8259
5237
9267
Query: 78
Nearest neighbour-1: 4046
distanceLSH: 364.963
distanceTrue: 293.716
tLSH: 0.645517
tTrue: 2.25809
10000-near neighbours:
4046
1643
7586
17
7498
5213
970
8191
4330
2445
8631
1909
4512
1526
1435
3729
1064
4497
1173
4698
8300
5725
5311
5341
664
6029
7520
5811
5793
6602
2346
1761
7219
3943
5255
3341
4184
5765
6045
5801
1514
6387
9067
9090
6575
287
272
2043
9851
6443
6974
1931
6890
8324
1176
3448
5655
Query: 79
Nearest neighbour-1: 4664
distanceLSH: 318.418
distanceTrue: 226.868
tLSH: 0.645517
tTrue: 2.25809
10000-near neighbours:
4664
4641
327
6267
1889
1106
2209
1692
1235
9333
1208
8552
6851
5485
6584
3706
1422
6952
1766
6125
7672
3580
8787
5873
3819
7604
6068
1300
9312
8708
6634
9377
9146
7930
8728
7354
4052
4019
1367
8270
2294
7441
9012
3099
4245
1754
3914
1471
6166
9451
5423
7196
5119
5585
8433
1899
2733
3182
5106
9537
4432
8932
539
8533
6460
5067
Query: 80
Nearest neighbour-1: 7341
distanceLSH: 295.457
distanceTrue: 148.165
tLSH: 0.645517
tTrue: 2.25809
10000-near neighbours:
7341
7341
8228
1281
8727
9812
8752
6213
8247
851
8233
5227
7903
7065
7986
7317
4075
3561
8922
3413
2435
4533
25
1459
8429
3952
486
128
5378
2532
8844
9374
1311
5867
3392
2737
3526
6974
5021
3430
9369
1728
3357
8130
6698
1361
82
6668
9633
9042
8185
6179
1173
5887
3696
1099
7510
1457
6924
3179
4581
5371
765
9817
7154
3764
5113
7579
7606
857
2249
621
938
2132
2623
9601
5365
3548
3404
7949
4658
9688
6426
5971
5896
1547
3742
5009
9945
1413
3959
7344
5200
4493
549
3341
6755
8703
6429
Query: 81
Nearest neighbour-1: 2572
distanceLSH: 340.207
distanceTrue: 146.311
tLSH: 0.645517
tTrue: 2.25809
10000-near neighbours:
2572
36
6005
6207
8930
6576
7066
5038
5450
9555
1446
685
1186
7769
5182
8206
4269
303
3986
412
3488
7085
4242
8621
4445
9849
5375
9443
3559
2891
2801
7645
616
2182
3904
7540
2816
3082
9392
2564
7266
2837
7436
2127
4882
4352
6148
52
7188
2957
4954
3723
3486
6303
7451
9896
7472
5029
274
2227
1959
3177
2334
9061
5031
89
971
6803
8977
7082
4567
710
6628
9116
406
4041
5355
4641
6162
Query: 82
Nearest neighbour-1: 4216
distanceLSH: 349.643
distanceTrue: 276.819
tLSH: 0.645517
tTrue: 2.25809
10000-near neighbours:
4216
1556
2998
8779
7135
1829
5215
4353
3324
196
4148
4985
5332
1437
1413
3547
9035
3291
3053
7740
7147
6648
6177
7859
6206
296
2323
7136
853
7750
4407
4546
4093
4338
6398
6981
280
5889
143
8168
1946
6052
7211
3731
1593
5402
8466
4892
4136
3925
5957
6065
4062
4322
3550
6673
2455
9814
8140
3290
453
4140
110
9394
3683
3838
6270
6484
7462
3529
2525
3630
365
8843
1566
6375
1143
8555
2176
3197
193
1991
1559
1370
3760
5839
6550
1035
5689
5490
6245
6660
Query: 83
Nearest neighbour-1: 9165
distanceLSH: 271.982
distanceTrue: 271.982
tLSH: 0.645517
tTrue: 2.25809
10000-near neighbours:
9165
3861
4705
9723
3312
1871
3457
8302
1345
1592
7036
7840
3432
1640
9459
9265
3104
2662
5070
6223
6109
5346
3761
8683
1076
6428
1451
7149
4225
2454
641
7259
2978
7000
9998
6781
4459
2395
2641
6745
977
5827
8120
6738
5203
6451
7863
1121
4302
371
6175
3751
383
8876
6913
3966
6810
9906
2359
8809
3014
1802
9783
6968
2849
1390
1504
4242
9658
9925
8480
564
1149
9732
9963
9935
9666
1538
7705
Query: 84
Nearest neighbour-1: 4653
distanceLSH: 663.11
distanceTrue: 181.607
tLSH: 0.645517
tTrue: 2.25809
10000-near neighbours:
1145
375
7784
4511
5174
4722
6986
406
5336
7310
4404
6248
6701
723
8073
3280
9252
2926
6462
3658
5137
224
8678
3671
3749
3673
3208
5487
3095
9043
6876
2558
2668
6944
2611
5195
3333
3176
9092
7867
3659
3229
5852
5613
6067
9509
5060
4387
9803
3908
3915
8234
3475
4133
1493
3616
2155
1536
3109
2280
816
8549
9291
1320
3998
9223
96
6768
3461
3198
3298
3298
4653
9985
2414
4643
7651
Query: 85
Nearest neighbour-1: 2981
distanceLSH: 325.507
distanceTrue: 192.678
tLSH: 0.645517
tTrue: 2.25809
10000-near neighbours:
2981
767
248
5501
4114
2142
8079
9589
2222
715
2487
6733
135
4330
3408
968
5078
4211
6498
4796
4906
1137
8528
5872
8033
5405
5366
2670
9556
831
143
7794
3970
4761
6603
1008
3586
2365
5761
6060
1346
3555
4240
8912
8593
8068
2507
7371
1606
7240
948
6099
9851
1480
7425
7333
2717
1177
870
3975
787
1471
9022
9811
5852
7232
8652
7629
7873
2782
3838
1607
4456
2448
9490
3552
5857
138
5617
770
1773
1449
7099
3098
9140
1690
4524
7115
Query: 86
Nearest neighbour-1: 6388
distanceLSH: 473.194
distanceTrue: 285.107
tLSH: 0.645517
tTrue: 2.25809
10000-near neighbours:
6388
3775
4961
1261
4588
9904
9297
5154
5771
5113
3378
1224
5158
3045
1515
5746
2642
2887
636
5486
6648
2385
4348
2331
5281
875
4319
368
7982
946
5166
3154
2215
9206
5037
4390
8801
3315
6090
5703
910
3346
7238
8149
2588
992
5726
8743
7561
833
4712
6995
5505
1491
503
4934
9291
6568
2591
786
2263
8850
1433
5788
3460
1384
3835
1187
8905
6730
4172
3875
136
7915
2934
4276
5272
6829
8516
Query: 87
Nearest neighbour-1: 6819
distanceLSH: 354.766
distanceTrue: 224.907
tLSH: 0.645517
tTrue: 2.25809
10000-near neighbours:
6819
790
2876
4287
345
8971
4552
6580
1463
2060
8999
98
6783
9759
9403
3975
511
6113
9977
3551
2734
3221
5590
6001
2719
3441
3966
1300
9599
5232
3836
9169
1039
1461
4838
1732
1053
3902
3023
1669
4649
323
343
2144
6147
2433
3027
8201
1162
6859
8576
2712
5645
7562
9729
7713
1745
4787
8369
8392
6785
1062
4885
4434
5365
4823
1356
7312
5912
5814
9187
5187
2522
4641
8380
9945
5200
8894
3168
3252
1209
4459
Query: 88
Nearest neighbour-1: 6830
distanceLSH: 400.379
distanceTrue: 123.56
tLSH: 0.645517
tTrue: 2.25809
10000-near neighbours:
6830
6624
9160
4297
9073
812
1495
9661
8379
9567
7800
3950
1069
1833
5864
3521
1342
8208
734
3978
9374
9436
6520
8229
2740
188
2003
3155
2978
1812
1762
3972
4524
3866
8038
1684
4786
1630
5009
3806
8682
8321
1957
507
5106
1692
8838
5639
4148
4978
1713
3061
4875
475
8309
330
9431
6056
8263
7995
9166
4918
8393
9070
7126
2214
3671
1845
3468
9612
141
9919
775
4622
7755
9153
4625
9680
9021
6454
8203
7069
4841
1386
4836
Query: 89
Nearest neighbour-1: 7326
distanceLSH: 324.253
distanceTrue: 75.08
tLSH: 0.645517
tTrue: 2.25809
10000-near neighbours:
7326
6468
8871
4297
7180
9764
7282
7893
2923
1706
8486
9130
9684
3475
9613
6894
349
5952
1519
543
8397
4293
3713
2434
5599
8859
109
362
6675
3258
6287
2186
1403
6662
987
9647
1741
560
8747
4847
8144
4535
2369
6259
68
1124
5236
6270
8965
8244
9052
1658
9669
2768
9079
6317
4157
7325
2487
2819
9410
5221
534
5513
1862
7967
6142
9418
6761
1473
8052
4662
6417
6714
6129
5832
8339
Query: 90
Nearest neighbour-1: 4090
distanceLSH: 262.515
distanceTrue: 114.534
tLSH: 0.645517
tTrue: 2.25809
10000-near neighbours:
4090
339
9250
4343
3522
707
4619
8860
3082
6792
6891
5255
8292
6114
8922
9282
5933
3396
3460
7918
2201
7809
981
9502
2393
3137
6764
5306
1246
7722
1220
530
632
2096
8572
8628
4452
676
8195
3431
1439
7689
3631
9508
5584
4914
3375
3224
7882
9063
4023
5871
1918
3503
6923
2861
6774
8989
8921
4756
4771
2211
3389
2689
4465
778
380
2942
3058
8881
6871
6052
3339
4106
4907
5774
8096
4840
7799
474
8672
6826
1612
4857
113
8502
6090
9769
9097
4877
1851
5848
4359
5878
6954
Query: 91
Nearest neighbour-1: 5527
distanceLSH: 170.053
distanceTrue: 50.4579
tLSH: 0.645517
tTrue: 2.25809
10000-near neighbours:
5527
7773
2926
4651
5573
2980
4970
3092
7604
8331
8136
4674
754
2789
2948
1412
7602
9859
8862
252
1198
968
7582
4369
5711
6049
6811
4186
5412
1630
4852
7748
7083
6598
5173
879
8783
5185
2310
6360
7273
7306
6128
7369
1367
9190
3557
346
2759
4003
1031
5231
3363
3510
9352
884
5223
8731
1688
4612
5700
8654
2544
5375
1039
3220
239
940
4498
4896
618
4007
942
6168
Query: 92
Nearest neighbour-1: 3195
distanceLSH: 380.741
distanceTrue: 298.027
tLSH: 0.645517
tTrue: 2.25809
10000-near neighbours:
3195
8078
3255
3732
712
5614
87
6405
2551
3913
2632
7802
706
3518
54
6904
7594
5391
8812
5597
3728
5959
4863
2905
9216
6885
8230
2670
4119
6564
7046
4461
4936
530
6263
1088
218
2103
6694
4105
6726
3614
3574
4271
9214
173
1831
4912
7977
8164
1448
5228
4607
9734
9908
6483
7892
7824
4895
Query: 93
Nearest neighbour-1: 7515
distanceLSH: 360.311
distanceTrue: 141.464
tLSH: 0.645517
tTrue: 2.25809
10000-near neighbours:
7515
8777
6354
4314
1456
4404
7817
2267
9893
8581
8223
2011
2422
3979
8459
8459
8041
7960
8523
6955
3731
5733
7950
6961
5698
759
8277
5217
6254
8121
2432
4319
3487
7741
7611
4144
8088
1446
2161
77
5496
7016
6537
8768
8768
2642
3350
8362
5819
9225
7317
8161
1759
3460
3647
3914
2173
5656
517
5841
4060
1091
7683
1535
2158
4450
9915
2039
5987
9824
4800
7115
1716
5506
2696
8086
9631
7786
3135
9335
9938
5393
7815
Query: 94
Nearest neighbour-1: 3504
distanceLSH: 274.745
distanceTrue: 234.774
tLSH: 0.645517
tTrue: 2.25809
10000-near neighbours:
3504
3435
8288
9023
1452
9305
8563
1602
90
4481
4722
6478
4477
9819
4700
8550
8913
905
279
1819
928
4919
5137
952
467
3671
2068
7041
5850
5487
4976
2021
8883
8073
5074
2347
7672
5336
9291
3713
4189
8938
9508
3475
4432
9442
4363
9621
6155
1625
9083
6946
4246
9223
8892
5999
4248
5444
5874
96
4356
8486
3919
1166
7304
3298
9985
3717
497
3198
5800
3908
9607
9903
8234
Query: 95
Nearest neighbour-1: 6824
distanceLSH: 370.078
distanceTrue: 160.571
tLSH: 0.645517
tTrue: 2.25809
10000-near neighbours:
6824
9914
2028
9485
6330
7982
5851
3831
9882
4475
7851
830
4233
1435
5369
1858
1261
2095
1913
4261
7166
7529
5730
7276
2432
8339
9963
2048
5885
4941
5647
4149
8491
3103
9125
7450
3604
6758
3950
4495
6465
9965
2533
6942
1715
8371
9641
1378
7770
3538
6288
8366
2029
9950
1705
1427
6157
3896
5685
6003
7335
5928
8671
170
4645
9520
3135
7129
7178
Query: 96
Nearest neighbour-1: 8547
distanceLSH: 340.869
distanceTrue: 305.392
tLSH: 0.645517
tTrue: 2.25809
10000-near neighbours:
8547
1323
479
9991
8717
9626
9361
210
567
4534
3999
1168
450
2776
807
998
1460
9447
3347
3645
9119
1885
7175
8587
4419
6020
1262
9150
4178
9834
7786
460
6576
8846
8794
6850
1756
1356
9340
3866
6431
4042
1365
7946
5179
8410
7279
9441
9663
6289
7045
6563
9612
6362
3331
2915
4582
5602
1134
5634
8649
7699
6453
91
5086
4501
5687
5702
5572
6492
9894
Query: 97
Nearest neighbour-1: 1652
distanceLSH: 360.927
distanceTrue: 285.79
tLSH: 0.645517
tTrue: 2.25809
10000-near neighbours:
1652
3930
2484
1154
5998
8554
8475
2368
1197
8365
7095
1969
5979
5058
5246
8184
3658
5010
4745
6803
8038
2083
7582
5769
5503
590
5532
589
8867
3037
6034
3433
6583
6489
8642
2092
5713
4902
5351
3641
419
9551
5728
823
5817
8397
6054
497
7233
2930
8514
9578
9119
7255
6482
5876
7832
7979
1157
6146
9731
8614
4748
5545
Query: 98
Nearest neighbour-1: 2612
distanceLSH: 364.442
distanceTrue: 233.532
tLSH: 0.645517
tTrue: 2.25809
10000-near neighbours:
2612
7219
5484
4237
9445
3169
1435
2445
5435
2228
557
8231
5085
6635
5033
4674
4546
3729
3729
1933
9612
3358
6976
5542
4855
7607
6449
2432
8751
1666
4764
1064
4452
3943
827
5894
7167
3735
7862
388
5693
4382
3293
4184
6974
3741
287
9213
9118
5655
3638
8352
6890
8195
2202
2991
9788
1972
272
9993
9581
2346
6663
8752
7880
5808
5801
1737
786
5255
5095
7586
1578
5765
6054
5429
6676
Query: 99
Nearest neighbour-1: 6162
distanceLSH: 289.446
distanceTrue: 137.43
tLSH: 0.645517
tTrue: 2.25809
10000-near neighbours:
6162
4666
6243
1451
4964
4305
5771
2818
7373
4328
5117
2724
2779
919
7496
5835
1805
4497
116
9349
5206
9983
7169
4686
1839
4947
720
971
1386
8055
8169
592
8401
7419
9395
3832
9650
9133
9692
3627
2259
8930
9364
2464
4343
5681
9375
5378
7835
763
5797
8427
1195
9578
449
3118
4342
8241
2677
9273
526
8701
8968
2771
487
2151
981
5151
6984
6630
9478
Query: 100
Nearest neighbour-1: 3900
distanceLSH: 366.928
distanceTrue: 184.613
tLSH: 0.645517
tTrue: 2.25809
10000-near neighbours:
3900
1586
3623
7512
8920
6988
3468
9104
8756
374
8112
366
4847
3484
5530
7485
1359
893
6266
4652
6529
3844
5017
9793
6328
1420
6106
964
5786
4705
5166
2487
1301
1410
6308
7679
5325
8661
4719
8253
5737
5420
4993
6387
4696
7204
6755
9455
9158
4284
4182
9960
2238
2290
3231
5688
9552
9088
4169
3157
2631
6975
1379
2260
1242
6571
9834
1201
289
6163
8731
7382
273
4697
1389
5191
1981
1094
5793
